.107977516232771e29
.116591440117983e29
.125892541179417e29
.135935639087853e29
.146779926762207e29
.158489319246112e29
.171132830416178e29
.184784979742230e29
.199526231496889e29
.215443469003189e29
.232630506715363e29
.251188643150959e29
.271227257933204e29
.292864456462525e29
.316227766016839e29
.341454887383362e29
.368694506451960e29
.398107170553500e29
.429866234708230e29
.464158883361281e29
.501187233627276e29
.541169526546468e29
.584341413373522e29
.630957344480198e29
.681292069057967e29
.735642254459647e29
.794328234724288e29
.857695898590902e29
.926118728128802e29
.100000000000001e30
.107977516232772e30
.116591440117984e30
.125892541179418e30
.135935639087854e30
.146779926762209e30
.158489319246113e30
.171132830416180e30
.184784979742231e30
.199526231496890e30
.215443469003191e30
.232630506715366e30
.251188643150961e30
.271227257933207e30
.292864456462528e30
.316227766016842e30
.341454887383365e30
.368694506451963e30
.398107170553503e30
.429866234708234e30
.464158883361285e30
.501187233627280e30
.541169526546473e30
.584341413373527e30
.630957344480204e30
.681292069057973e30
.735642254459654e30
.794328234724296e30
.857695898590910e30
.926118728128811e30
.100000000000002e31
