.46657767123479609653e28
.48971713399134988401e28
.51400417574636905828e28
.53949570955663346279e28
.56625147102624766322e28
.59433415828811182673e28
.62380957892763658750e28
.65474680419299569093e28
.68721833085328512275e28
.72130025108387915792e28
.75707243077708429909e28
.79461869669593550538e28
.83402703290970169365e28
.87538978697141779577e28
.91880388632058964018e28
.96437106541817909204e28
.10121981041461263823e29
.10623970780300633187e29
.11150856208715769539e29
.11703872004054632136e29
.12284314076279321102e29
.12893542604737619983e29
.13532985225540249515e29
.14204140377012975375e29
.14908580811063137525e29
.15647957278688964438e29
.16424002398268113100e29
.17238534715690191535e29
.18093462965847578309e29
.18990790545470706606e29
.19932620207789234647e29
.20921158990020340097e29
.21958723385230971686e29
.23047744770693545195e29
.24190775105455625014e29
.25390492910474995300e29
.26649709545333674558e29
.27971375796239415941e29
.29358588790752691334e29
.30814599255442789681e29
.32342819133480263188e29
.33946829580016412148e29
.35630389354085786669e29
.37397443626696876056e29
.39252133225751431517e29
.41198804339456510538e29
.43242018700967740535e29
.45386564278129992886e29
.47637466493365278872e29
.49999999999999999891e29
