.1092321545e28
.119316635767119e28
.130332131925341e28
.142364595707833e28
.155507915136880e28
.169864646122046e28
.185546812692911e28
.202676781110547e28
.221388214678299e28
.241827116702191e28
.264152969739033e28
.288539980021679e28
.315178436771549e28
.344276197004983e28
.376060307419208e28
.410778776013324e28
.448702507268083e28
.490127415984446e28
.535376736274988e28
.584803543724952e28
.638793510403115e28
.697767914219504e28
.762186926111676e28
.832553200709107e28
.909415798493267e28
.993374470057574e28
.108508433589685e29
.118526099824214e29
.129468612482810e29
.141421354816229e29
.154477592788857e29
.168739202823005e29
.184317466729693e29
.201333940028664e29
.219921400433048e29
.240224883899590e29
.262402816328646e29
.286628249744458e29
.313090212601512e29
.341995184753262e29
.373568708592244e29
.408057148933135e29
.445729615370937e29
.486880062114237e29
.531829581678320e29
.580928910335566e29
.634561164872912e29
.693144832010979e29
.757137033810998e29
.827037094549147e29
.903390436890235e29
.986792837762166e29
.107789507713930e30
.117740801600870e30
.128610814314201e30
.140484363395396e30
.153454096872400e30
.167621216182240e30
.183096265834963e30
.199999995980578e30
