.5235642740e27
.5482390980e27
.5740768105e27
.6011322170e27
.6294627055e27
.6591283690e27
.6901921320e27
.7227198850e27
.7567806240e27
.7924465960e27
.8297934535e27
.8689004140e27
.9098504285e27
.9527303585e27
.9976311570e27
.1044648064e28
.1093880811e28
.1145433826e28
.1199416458e28
.1255943214e28
.1315133994e28
.1377114350e28
.1442015750e28
.1509975858e28
.1581138828e28
.1655655606e28
.1733684250e28
.1815390272e28
.1900946979e28
.1990535850e28
.2084346914e28
.2182579158e28
.2285440944e28
.2393150458e28
.2505936164e28
.2624037296e28
.2747704364e28
.2877199682e28
.3012797924e28
.3154786716e28
.3303467234e28
.3459154848e28
.3622179793e28
.3792887867e28
.3971641165e28
.4158818846e28
.4354817940e28
.4560054186e28
.4774962918e28
.4999999988e28
.5235642725e28
.5482390965e28
.5740768095e28
.6011322155e28
.6294627040e28
.6591283675e28
.6901921305e28
.7227198835e28
.7567806220e28
.7924465940e28
.8297934510e28
.8689004115e28
.9098504265e28
.9527303560e28
.9976311545e28
.1044648062e29
.1093880808e29
.1145433822e29
.1199416456e29
.1255943212e29
.1315133992e29
.1377114347e29
.1442015746e29
.1509975855e29
.1581138824e29
.1655655602e29
.1733684246e29
.1815390267e29
.1900946974e29
.1990535845e29
.2084346910e29
.2182579152e29
.2285440939e29
.2393150452e29
.2505936158e29
.2624037290e29
.2747704358e29
.2877199674e29
.3012797918e29
.3154786709e29
.3303467226e29
.3459154840e29
.3622179784e29
.3792887858e29
.3971641156e29
.4158818836e29
.4354817930e29
.4560054175e29
.4774962907e29
.4999999976e29
