.4043020389556466700e28
.42559550743079267297e28
.44801044390761693977e28
.47160591299930149988e28
.49644409008859570181e28
.52259042516343249203e28
.55011381528131277864e28
.57908678611691119347e28
.60958568307129136219e28
.64169087244631417078e28
.67548695321434486183e28
.71106297994128400198e28
.74851269745033699301e28
.78793478784487430500e28
.82943313054130150435e28
.87311707599714025517e28
.91910173385560912034e28
.96750827626598127267e28
.10184642571789852495e29
.10721039484586100168e29
.11285686936959877761e29
.11880072806576739143e29
.12505763333497461777e29
.13164407247308339300e29
.13857740111615994487e29
.14587588897354699741e29
.15355876796957126103e29
.16164628292074130364e29
.17015974488197305765e29
.17912158730241325553e29
.18855542513883453402e29
.19848611708236931435e29
.20893983106255338797e29
.21994411320128603164e29
.23152796039840419937e29
.24372189674013784497e29
.25655805393178693508e29
.27007025596656476190e29
.28429410825371470053e29
.29926709144075799102e29
.31502866017709942350e29
.33162034707923855957e29
.34908587217154064502e29
.36747125809094977562e29
.38682495135921518839e29
.40719795004218978733e29
.42864393813259030657e29
.45121942701032521071e29
.47498390435314622098e29
.49999999089001137421e29
