.11462298347576707724e-7
.13138428340885972439e-7
.15059658546149226751e-7
.17261829926859572641e-7
.19786024464679264103e-7
.22679331552660544195e-7
.25995726458020524486e-7
.29797077242382475895e-7
.34154298923797617639e-7
.39148676411688635962e-7
.44873380894351388754e-7
.51435207967550413032e-7
.58956569929371741065e-7
.67577779408022832362e-7
.77459666924148337728e-7
.88786581218850765413e-7
.10176982831918182808e-6
.11665161349761231025e-6
.13370955966358383587e-6
.15326188647871062138e-6
.17567334681314137199e-6
.20136203128895402421e-6
.23080716785080670298e-6
.26455806186651614906e-6
.30324434353706644677e-6
.34758771378369002213e-6
.39841540773407557755e-6
.45667562697193947511e-6
.52345522844190188224e-6
.60000000000000000037e-6
