1.3213391118805299144	2.0837027548391171408	3.2617898908758676646	5.0175674548192995980	7.4295213562104787975	10.252712624793119300	10.424858570744009282	18.066375294662917885	17.943826268924557112	17.816843761756473184
1.2865350161430651805	2.0293492422679646181	3.1787116092334886056	4.8967893026547993348	7.2714256739017826570	10.078704349836392828	12.676031716858234718	18.083129724822373244	17.961863859054930368	17.846998950555630536
1.2511232430056127386	1.9739921684069377496	3.0939008465491248151	4.7728578907048377664	7.1077036910594381135	9.8967082488201771550	12.508683837702122400	18.098731511859014097	17.981631289307405722	17.879154423672321230
1.2164382529849976290	1.9197147808564498666	3.0105359234932198816	4.6503503916520251904	6.9440922959103334170	9.7121375550022250170	12.337507453751317418	18.112081554749747652	18.001427000195969646	17.911222134157078249
1.1834543219961015024	1.8680471412951764895	2.9309847776348609060	4.5327878193381294516	6.7852876018788439980	9.5298502238681325490	12.165853145865616850	18.122412482036068424	18.019720922436565180	17.941282084970027611
1.1527800356662234833	1.8199522149060908290	2.8567644259299147146	4.4225152944170212154	6.6346527946765029345	9.3537047258648523480	11.996651575210494658	18.129361713803902654	18.035374541841463934	17.967865107747312082
1.1247055416502489026	1.7758957414032305826	2.7886331003797596779	4.3207863403706282480	6.4941977934966988905	9.1863502923147765020	11.832172429454119274	18.132945412234232062	18.047743783318022931	17.990103610177146986
1.0992775572605420532	1.7359612422323418222	2.7267578056649392160	4.2279765093556229039	6.3647672980108607615	9.0292584408716322230	11.673930416504658310	18.133463867590597424	18.056655264002461238	18.007720485311084724
1.0763786873636696459	1.6999731850136340798	2.6708996456872890886	4.1438405352269328368	6.2463303710772450930	8.8829192162302976270	11.522726561878508420	18.131383233215042810	18.062296133456686047	18.020901620848718456
1.0557958164985156546	1.6676039324160256556	2.6205776032279221848	4.0677497076121387824	6.1382779010890946140	8.7471043262459428975	11.378775018494889800	18.127229968494307203	18.065074526143393790	18.030125036024980346
1.0372713518886232550	1.6384542745901390903	2.5751933942706405165	3.9988782863274178511	6.0396726743761069395	8.6211221177923080720	11.437266354245318192	18.121515765038678358	18.065494728648974632	18.036004606042077144
1.0205374511997326812	1.6121074570843553808	2.5341161317174965974	3.9363331258022007646	5.9494330180722578305	8.5757397366727770345	11.504679295435404960	18.114694633339060534	18.064067585128431670	18.039175996017195541
1.0086257000377520140	1.5942583738946484988	2.5098204495697852906	3.8792344997147901913	5.8664536668412193905	8.6586100556839324000	11.564983519181489099	18.107145248487186208	18.061257718820338316	18.040227889458802278
8.2922646607176472335	11.618951224530032291	18.099169569392910178	18.057459630706377357	18.039669214695323129	18.038091021675526824	18.038086575357261349	18.038086653224734551	18.038086653220979745	18.038086653220979746
8.1955270551840729280	11.667380861791746442	18.091000135026836346	18.052992620162612010	18.037920158260996184	18.036683924086650891	18.036681541287088683	18.036681588690108470	18.036681588688212274	18.036681588688212274
8.1036139823296153885	11.711059989251863966	18.082810850369285176	18.048106082276805186	18.035316587697087065	18.034347765302364388	18.034346674989395847	18.034346703882968886	18.034346703882017692	18.034346703882017692
8.0156833504043178095	11.750746318976990522	18.074728239088374270	18.042989374162250088	18.032120676608093032	18.031361210368704136	18.031360901434260720	18.031360919045919468	18.031360919045445695	18.031360919045445695
9.0139118820397627025	11.787161145120091113	18.066841669178214967	18.037782791150291334	18.028533379768323789	18.027937999706036097	18.027938138907965535	18.027938149630939260	18.027938149630705076	18.027938149630705076
9.0780275358557162660	18.024240012926997161	18.024240185314330237	18.024240185465295174	18.024240185465272383	0	0	0	0	0
18.020391020319630952	18.020387782068443058	18.020387901621730387	18.020387901696810891	18.020387901696800700	0	0	0	0	0
18.016472384453233599	18.016470452754395895	18.016470535516597334	18.016470535552646026	18.016470535552641534	0	0	0	0	0
18.012554133167265668	18.012553064960175147	18.012553122124264550	18.012553122140663960	18.012553122140662015	0	0	0	0	0
18.008682802038679552	18.008682292157265405	18.008682331535471762	18.008682331542276876	18.008682331542276053	0	0	0	0	0
18.004891119908323333	18.004890960175168396	18.004890987218425672	18.004890987220754391	18.004890987220754052	0	0	0	0	0
18.001201461908933546	18.001201512045131529	18.001201530553378816	18.001201530553767584	18.001201530553767450	0	0	0	0	0
17.997628480454735344	17.997628647435880582	17.997628660054370494	17.997628660054028566	17.997628660054028516	0	0	0	0	0
17.994181100816811898	17.994181324262665028	17.994181332829372832	17.994181332828842890	17.994181332828842873	0	0	0	0	0
17.990864029859189107	17.990864271729806968	17.990864277518841225	17.990864277518342162	17.990864277518342157	0	0	0	0	0
17.987678893912527534	17.987679131274081276	17.987679135166266517	17.987679135165867668	17.987679135165867667	0	0	0	0	0
17.984625095166381946	17.984625315141033204	17.984625317743407309	17.984625317743114487	17.984625317743114487	0	0	0	0	0
17.981700454895051170	17.981700651160846218	17.981700652890292388	17.981700652890088600	17.981700652890088600	0	0	0	0	0
17.978901695456878285	17.978901865844013402	17.978901866985707050	17.978901866985570506	17.978901866985570506	0	0	0	0	0
17.976224800431686142	17.976224945290920796	17.976224946039098252	17.976224946039009404	17.976224946039009404	0	0	0	0	0
17.973665282679291437	17.973665403791174084	17.973665404277503964	17.973665404277447527	17.973665404277447527	0	0	0	0	0
17.971218382836807250	17.971218482697045622	17.971218483010318612	17.971218483010283500	17.971218483010283500	0	0	0	0	0
17.968879215279384914	17.968879296643520084	17.968879296843270618	17.968879296843249180	17.968879296843249180	0	0	0	0	0
17.966642874421765012	17.966642940026588048	17.966642940152484458	17.966642940152471596	17.966642940152471596	0	0	0	0	0
17.964504511108031666	17.964504563511713318	17.964504563590005230	17.964504563589997642	17.964504563589997642	0	0	0	0	0
17.962459457989012574	17.962459428040027298	17.962459428022321507	17.962459428022324055	17.962459428022324055	0	0	0	0	0
17.960502964060198168	17.960502941523715518	17.960502941513124192	17.960502941513125610	17.960502941513125610	0	0	0	0	0
17.958630700549803936	17.958630683613428871	17.958630683607235680	17.958630683607236460	17.958630683607236460	0	0	0	0	0
17.956838432859276885	17.956838420150844460	17.956838420147330346	17.956838420147330770	17.956838420147330770	0	0	0	0	0
17.955122120598082073	17.955122111078735324	17.955122111076823693	17.955122111076823921	17.955122111076823921	0	0	0	0	0
17.953477920209143806	17.953477913092557972	17.953477913091582894	17.953477913091583014	17.953477913091583014	0	0	0	0	0
17.951902183862676058	17.951902178553950106	17.951902178553505794	17.951902178553505856	17.951902178553505856	0	0	0	0	0
17.950391455687401628	17.950391451736773170	17.950391451736616887	17.950391451736616918	17.950391451736616918	0	0	0	0	0
17.948942466147472797	17.948942463215226055	17.948942463215215994	17.948942463215216009	17.948942463215216009	0	0	0	0	0
17.947552125174423660	17.947552123004263429	17.947552123004319310	17.947552123004319318	17.947552123004319318	0	0	0	0	0
17.946217514511509605	17.946217512910348046	17.946217512910426404	17.946217512910426407	17.946217512910426407	0	0	0	0	0
17.944935879611689194	17.944935878434296445	17.944935878434375313	17.944935878434375315	17.944935878434375315	0	0	0	0	0
17.943704621341826226	17.943704620479173928	17.943704620479243504	17.943704620479243504	17.943704620479243504	0	0	0	0	0
17.942521287678005513	17.942521287048416545	17.942521287048473594	17.942521287048473594	17.942521287048473594	0	0	0	0	0
17.941383565525263144	17.941383565067695056	17.941383565067739649	17.941383565067739649	17.941383565067739649	0	0	0	0	0
17.940289272755786998	17.940289272424738338	17.940289272424772010	17.940289272424772010	17.940289272424772010	0	0	0	0	0
17.939236350529880188	17.939236350291531352	17.939236350291556102	17.939236350291556102	17.939236350291556102	0	0	0	0	0
17.938222855941502196	17.938222855770795180	17.938222855770812972	17.938222855770812972	17.938222855770812972	0	0	0	0	0
17.937246955013322062	17.937246954891753988	17.937246954891766538	17.937246954891766538	17.937246954891766538	0	0	0	0	0
17.936306916053637402	17.936306915967596296	17.936306915967604998	17.936306915967604998	17.936306915967604998	0	0	0	0	0
17.935401103378232431	17.935401103317744524	17.935401103317750464	17.935401103317750464	17.935401103317750464	0	0	0	0	0
17.934527971393496864	17.934527971351285830	17.934527971351289827	17.934527971351289827	17.934527971351289827	0	0	0	0	0
17.933686059032310552	17.933686059003092839	17.933686059003095490	17.933686059003095490	17.933686059003095490	0	0	0	0	0
17.932873984530856810	17.932873984510815302	17.932873984510817036	17.932873984510817036	17.932873984510817036	0	0	0	0	0
17.932090440532305446	17.932090440518697586	17.932090440518698705	17.932090440518698705	17.932090440518698705	0	0	0	0	0
17.931334189501930808	17.931334189492797830	17.931334189492798542	17.931334189492798542	17.931334189492798542	0	0	0	0	0
17.930604059437488751	17.930604059431440762	17.930604059431441208	17.930604059431441208	17.930604059431441208	0	0	0	0	0
17.929898939858406370	17.929898939854464128	17.929898939854464404	17.929898939854464404	17.929898939854464404	0	0	0	0	0
17.929217778057413676	17.929217778054892651	17.929217778054892818	17.929217778054892818	17.929217778054892818	0	0	0	0	0
17.928559575598570768	17.928559575596996580	17.928559575596996680	17.928559575596996680	17.928559575596996680	0	0	0	0	0
17.927923385046143192	17.927923385045190276	17.927923385045190335	17.927923385045190335	17.927923385045190335	0	0	0	0	0
17.927308306909395803	17.927308306908843164	17.927308306908843198	17.927308306908843198	17.927308306908843198	0	0	0	0	0
17.926713486789068500	17.926713486788768000	17.926713486788768018	17.926713486788768018	17.926713486788768018	0	0	0	0	0
17.926138112712033453	17.926138112711887236	17.926138112711887247	17.926138112711887247	17.926138112711887247	0	0	0	0	0
17.925581412641388670	17.925581412641333220	17.925581412641333226	17.925581412641333226	17.925581412641333226	0	0	0	0	0
17.925042652149999124	17.925042652149994080	17.925042652149994084	17.925042652149994084	17.925042652149994084	0	0	0	0	0
17.924521132246241186	17.924521132246261595	17.924521132246261596	17.924521132246261596	17.924521132246261596	0	0	0	0	0
17.924016187341429683	17.924016187341460663	17.924016187341460664	17.924016187341460664	17.924016187341460664	0	0	0	0	0
17.923527183349102990	17.923527183349136116	17.923527183349136116	17.923527183349136116	17.923527183349136116	0	0	0	0	0
17.923053515907006282	17.923053515907037160	17.923053515907037160	17.923053515907037160	17.923053515907037160	0	0	0	0	0
17.922594608713243734	17.922594608713270407	17.922594608713270407	17.922594608713270407	17.922594608713270407	0	0	0	0	0
17.922149911968666012	17.922149911968687928	17.922149911968687928	17.922149911968687928	17.922149911968687928	0	0	0	0	0
17.921718900918119382	17.921718900918136741	17.921718900918136741	17.921718900918136741	17.921718900918136741	0	0	0	0	0
17.921301074483707752	17.921301074483721110	17.921301074483721110	17.921301074483721110	17.921301074483721110	0	0	0	0	0
17.920895953983709703	17.920895953983719738	17.920895953983719738	17.920895953983719738	17.920895953983719738	0	0	0	0	0
17.920503081931250294	17.920503081931257674	17.920503081931257674	17.920503081931257674	17.920503081931257674	0	0	0	0	0
17.920122020907253633	17.920122020907258956	17.920122020907258956	17.920122020907258956	17.920122020907258956	0	0	0	0	0
17.919752352502598446	17.919752352502602217	17.919752352502602217	17.919752352502602217	17.919752352502602217	0	0	0	0	0
17.919393676324766800	17.919393676324769426	17.919393676324769426	17.919393676324769426	17.919393676324769426	0	0	0	0	0
17.919045609064617411	17.919045609064619207	17.919045609064619207	17.919045609064619207	17.919045609064619207	0	0	0	0	0
17.918707783619231342	17.918707783619232550	17.918707783619232550	17.918707783619232550	17.918707783619232550	0	0	0	0	0
17.918379848267070913	17.918379848267071710	17.918379848267071710	17.918379848267071710	17.918379848267071710	0	0	0	0	0
17.918061465891963955	17.918061465891964471	17.918061465891964471	17.918061465891964471	17.918061465891964471	0	0	0	0	0
17.917752313252676638	17.917752313252676964	17.917752313252676964	17.917752313252676964	17.917752313252676964	0	0	0	0	0
17.917452080295070409	17.917452080295070610	17.917452080295070610	17.917452080295070610	17.917452080295070610	0	0	0	0	0
17.917160469504053540	17.917160469504053660	17.917160469504053660	17.917160469504053660	17.917160469504053660	0	0	0	0	0
17.916877195292736532	17.916877195292736602	17.916877195292736602	17.916877195292736602	17.916877195292736602	0	0	0	0	0
17.916601983426384573	17.916601983426384612	17.916601983426384612	17.916601983426384612	17.916601983426384612	0	0	0	0	0
17.916334570478930282	17.916334570478930302	17.916334570478930302	17.916334570478930302	17.916334570478930302	0	0	0	0	0
17.916074703319967384	17.916074703319967394	17.916074703319967394	17.916074703319967394	17.916074703319967394	0	0	0	0	0
17.915822138630291490	17.915822138630291494	17.915822138630291494	17.915822138630291494	17.915822138630291494	0	0	0	0	0
17.915576642444188896	17.915576642444188896	17.915576642444188896	17.915576642444188896	17.915576642444188896	0	0	0	0	0
