-.4339998984834946428
-.6020468799560337194
-.7739274466827914120
-.9497253226748770766
-1.1295259197329684285
-1.3134163662221895016
-1.5014855361411070161
-1.6938240784799865251
-1.8905244468630487427
-2.0916809294690528158
-2.2973896792241071039
-2.5077487442601690507
-2.7228580986322439784
-2.9428196732868280214
-3.1677373872736629100
-3.397717179192379945
-3.632867038865107168
-3.873297039225597638
-4.119119368414907705
-4.370448362073112482
-4.627400535815991367
-4.890094617885049558
-5.158651581958662320
-5.433194680111537284
-5.713849475909086711
-6.000743877622686534
-6.294008171551172404
-6.593775055433285324
-6.900179671935130962
-7.213359642196057861
-7.533455099415691006
-7.860608722464178772
-8.194965769497024120
-8.536674111555175025
-8.885884266130345672
-9.242749430674829098
-9.607425516034344789
-9.980071179781741698
-10.360847859428649162
-10.749919805491436186
-11.147454114387104217
-11.553620761134000967
-11.968592631831504065
-12.392545555892084238
-12.825658337998419691
-13.268112789757497245
-13.720093761022903252
-14.181789170855779153
-14.653390038094194456
-15.135090511499975387
-15.627087899451321392
-16.129582699148846490
-16.642778625301998834
-17.166882638262142160
-17.702104971567928285
-18.248659158867952447
-18.806762060185064949
-19.376633887486114867
-19.958498229520326911
-20.552582075888962282
-21.159115840308391188
-21.778333383028210291
-22.410472032365574821
-23.055772605316485142
-23.714479427204372555
-24.386840350325972241
-25.073106771554154024
-25.773533648857107021
-26.488379516693043967
-27.217906500239408117
-27.962380328415431971
-28.722070345656815296
-29.497249522401262551
-30.288194464243648913
-31.095185419719672599
-31.918506286677000895
-32.758444617193131160
-33.615291620999467951
-34.489342167371466180
-35.380894785445109543
-36.290251662920486150
-37.217718643113791171
-38.163605220319731676
-39.128224533447033655
-40.111893357890557481
-41.114932095604417757
-42.137664763341478072
-43.180418979025652780
-44.243525946224597669
-45.327320436691610757
-46.432140770946895249
-47.558328796869758884
-48.706229866274839967
-49.876192809447059666
-51.068569907611704226
-52.283716863317839730
-53.521992768715155813
-54.783760071706324056
-56.069384539959040563
-57.379235222764100646
