.10715193052376064174e-10
.11481536214968827515e-10
.12302687708123815342e-10
.13182567385564071020e-10
.14125375446227543021e-10
.15135612484362081624e-10
.16218100973589299728e-10
.17378008287493754669e-10
.18620871366628674485e-10
.19952623149688796012e-10
.21379620895022320973e-10
.22908676527677730455e-10
.24547089156850303558e-10
.26302679918953819170e-10
.28183829312644538188e-10
.30199517204020161983e-10
.32359365692962826264e-10
.34673685045253163940e-10
.37153522909717253856e-10
.39810717055349725071e-10
.42657951880159265793e-10
.45708818961487502892e-10
.48977881936844619582e-10
.52480746024977259727e-10
.56234132519034908029e-10
.60255958607435774685e-10
.64565422903465551574e-10
.69183097091893648738e-10
.74131024130091751475e-10
.79432823472428150188e-10
.85113803820237646761e-10
.91201083935590974189e-10
.97723722095581068245e-10
.10471285480508995332e-9
.11220184543019634353e-9
.12022644346174129055e-9
.12882495516931339625e-9
.13803842646028848374e-9
.14791083881682074218e-9
.15848931924611134847e-9
.16982436524617443541e-9
.18197008586099834395e-9
.19498445997580453229e-9
.20892961308540394824e-9
.22387211385683396112e-9
.23988329190194904645e-9
.25703957827688637998e-9
.27542287033381664476e-9
.29512092266663857068e-9
.31622776601683793308e-9
.33884415613920254691e-9
.36307805477010134232e-9
.38904514499428060093e-9
.41686938347033540160e-9
.44668359215096311837e-9
.47863009232263834371e-9
.51286138399136485532e-9
.54954087385762455185e-9
.58884365535558896700e-9
.63095734448019324914e-9
.67608297539198177074e-9
.72443596007499006320e-9
.77624711662869173352e-9
.83176377110267100575e-9
.89125093813374552950e-9
.95499258602143594924e-9
.10232929922807541304e-8
.10964781961431850126e-8
.11748975549395295411e-8
.12589254117941672097e-8
.13489628825916536085e-8
.14454397707459275111e-8
.15488166189124813438e-8
.16595869074375606334e-8
.17782794100389228002e-8
.19054607179632471816e-8
.20417379446695293302e-8
.21877616239495525609e-8
.23442288153199221167e-8
.25118864315095801095e-8
.26915348039269157157e-8
.28840315031266059406e-8
.30902954325135905176e-8
.33113112148259109409e-8
.35481338923357545820e-8
.38018939632056119590e-8
.40738027780411273023e-8
.43651583224016596717e-8
.46773514128719819326e-8
.50118723362727228465e-8
.53703179637025273052e-8
.57543993733715692965e-8
.61659500186148216588e-8
.66069344800759600603e-8
.70794578438413791028e-8
.75857757502918376819e-8
.81283051616409924593e-8
.87096358995608063685e-8
.93325430079699104282e-8
.99999999999999999923e-8
