
# Surface 0 of 1 surfaces

# Contour 0, label:      600
 2.51189e+21  4.2547  600 
 2.3938e+21  4.49895  600 
 2.28135e+21  4.74321  600 
 2.17454e+21  4.98749  600 
 2.07338e+21  5.23179  600 
 1.97786e+21  5.47611  600 
 1.88798e+21  5.72045  600 
 1.80374e+21  5.96481  600 
 1.72515e+21  6.20918  600 
 1.6522e+21  6.45358  600 
 1.58489e+21  6.69799  600 

 2.51189e+21  3.80842  600 
 2.48059e+21  3.66839  600 
 2.43565e+21  3.52848  600 
 2.37706e+21  3.38868  600 
 2.30483e+21  3.249  600 
 2.21895e+21  3.10944  600 
 2.11943e+21  2.96999  600 
 2.00626e+21  2.83067  600 
 1.87945e+21  2.69146  600 
 1.73899e+21  2.55236  600 
 1.58489e+21  2.41339  600 

 1e+23  6.30019  600 
 9.47103e+22  6.32971  600 
 8.93094e+22  6.34901  600 
 8.37972e+22  6.35808  600 
 7.81737e+22  6.35692  600 
 7.24391e+22  6.34552  600 
 6.65931e+22  6.3239  600 
 6.06465e+22  6.29303  600 
 5.49924e+22  6.28985  600 
 5.05431e+22  6.4  600 
 4.7607e+22  6.65242  600 
 4.61494e+22  7.04388  600 
 4.61705e+22  7.57436  600 
 4.76703e+22  8.24388  600 
 5.06486e+22  9.05242  600 
 5.51056e+22  10  600 


# Contour 1, label:      400
 2.51189e+21  5.64025  400 
 2.3879e+21  5.94123  400 
 2.27087e+21  6.24223  400 
 2.1608e+21  6.54325  400 
 2.05767e+21  6.8443  400 
 1.96149e+21  7.14537  400 
 1.87227e+21  7.44646  400 
 1.79e+21  7.74758  400 
 1.71468e+21  8.04872  400 
 1.64631e+21  8.34989  400 
 1.58489e+21  8.65107  400 

 2.51189e+21  2.9342  400 
 2.46378e+21  2.83273  400 
 2.40576e+21  2.73135  400 
 2.33783e+21  2.63005  400 
 2.25999e+21  2.52884  400 
 2.17225e+21  2.42771  400 
 2.07459e+21  2.32667  400 
 1.96703e+21  2.22571  400 
 1.84956e+21  2.12484  400 
 1.72218e+21  2.02405  400 
 1.58489e+21  1.92335  400 

 3.8559e+21  0.968558  400 
 3.8559e+21  1.07145  400 
 3.8559e+21  1.17433  400 
 3.8559e+21  1.27722  400 
 3.8559e+21  1.38011  400 
 3.8559e+21  1.483  400 
 3.8559e+21  1.58589  400 
 3.8559e+21  1.68878  400 
 3.8559e+21  1.79167  400 
 3.8559e+21  1.89455  400 
 3.8559e+21  1.99744  400 
 3.8559e+21  2.10033  400 
 3.8559e+21  2.20322  400 
 3.8559e+21  2.30611  400 
 3.8559e+21  2.409  400 
 3.8559e+21  2.51189  400 

 4.03752e+21  1  400 
 4.04369e+21  1.10414  400 
 4.04746e+21  1.20828  400 
 4.04883e+21  1.31243  400 
 4.0478e+21  1.41658  400 
 4.04438e+21  1.52073  400 
 4.03857e+21  1.62489  400 
 4.03092e+21  1.72905  400 
 4.02271e+21  1.83321  400 
 4.01526e+21  1.93737  400 
 4.0099e+21  2.04152  400 
 4.00795e+21  2.14567  400 
 4.01075e+21  2.24982  400 
 4.01961e+21  2.35396  400 
 4.03587e+21  2.45808  400 
 4.06081e+21  2.5622  400 

 7.4126e+21  0.251189  400 
 7.51485e+21  0.284399  400 
 7.56987e+21  0.315094  400 
 7.57766e+21  0.343272  400 
 7.53821e+21  0.368935  400 
 7.45152e+21  0.392081  400 
 7.3176e+21  0.412711  400 
 7.13645e+21  0.430825  400 
 6.90806e+21  0.446423  400 
 6.63243e+21  0.459505  400 
 6.30957e+21  0.47007  400 

 3.56956e+22  0.251189  400 
 3.45061e+22  0.270223  400 
 3.33197e+22  0.285028  400 
 3.21364e+22  0.295603  400 
 3.09562e+22  0.301948  400 
 2.97791e+22  0.304063  400 
 2.86051e+22  0.301948  400 
 2.74343e+22  0.295603  400 
 2.62665e+22  0.285028  400 
 2.51019e+22  0.270223  400 
 2.39403e+22  0.251189  400 

 1e+23  5.11157  400 
 9.59231e+22  5.1887  400 
 9.17254e+22  5.24516  400 
 8.7407e+22  5.28097  400 
 8.29678e+22  5.29612  400 
 7.84079e+22  5.29061  400 
 7.37272e+22  5.26444  400 
 6.89257e+22  5.2176  400 
 6.40035e+22  5.15011  400 
 5.89771e+22  5.06492  400 
 5.39786e+22  4.98565  400 
 4.91895e+22  4.9447  400 
 4.47912e+22  4.97453  400 
 4.09654e+22  5.10756  400 
 3.78733e+22  5.37213  400 
 3.54316e+22  5.74663  400 
 3.3394e+22  6.17623  400 
 3.15261e+22  6.60888  400 
 2.97483e+22  7.02845  400 
 2.80737e+22  7.44023  400 
 2.65167e+22  7.84983  400 
 2.50916e+22  8.26282  400 
 2.38101e+22  8.68381  400 
 2.26746e+22  9.11367  400 
 2.1685e+22  9.5524  400 
 2.08413e+22  10  400 


# Contour 2, label:      200
 5.29227e+21  1  200 
 5.31711e+21  1.17872  200 
 5.34226e+21  1.35744  200 
 5.36771e+21  1.53616  200 
 5.39349e+21  1.71488  200 
 5.42003e+21  1.8936  200 
 5.44794e+21  2.07232  200 
 5.47782e+21  2.25104  200 
 5.51029e+21  2.42974  200 
 5.54596e+21  2.60845  200 
 5.5851e+21  2.78714  200 
 5.62774e+21  2.96583  200 
 5.67387e+21  3.14451  200 
 5.72349e+21  3.32318  200 
 5.7766e+21  3.50185  200 
 5.8332e+21  3.6805  200 

 8.94505e+21  10  200 
 8.92549e+21  9.56298  200 
 8.85171e+21  9.12641  200 
 8.72371e+21  8.69027  200 
 8.54149e+21  8.25457  200 
 8.30505e+21  7.81931  200 
 8.01439e+21  7.38448  200 
 7.66952e+21  6.9501  200 
 7.27042e+21  6.51615  200 
 6.81711e+21  6.08264  200 
 6.30957e+21  5.64957  200 

 8.72398e+21  0.251189  200 
 8.81635e+21  0.299308  200 
 8.83454e+21  0.343499  200 
 8.77855e+21  0.383763  200 
 8.64838e+21  0.420099  200 
 8.44403e+21  0.452507  200 
 8.1655e+21  0.480987  200 
 7.81279e+21  0.505539  200 
 7.3859e+21  0.526163  200 
 6.88483e+21  0.542859  200 
 6.30957e+21  0.555628  200 

 5.20064e+22  0.251189  200 
 4.98645e+22  0.264846  200 
 4.77197e+22  0.278437  200 
 4.55722e+22  0.291963  200 
 4.34217e+22  0.305424  200 
 4.12684e+22  0.318819  200 
 3.91123e+22  0.33214  200 
 3.6954e+22  0.344834  200 
 3.47951e+22  0.355485  200 
 3.26374e+22  0.362598  200 
 3.04827e+22  0.364678  200 
 2.83327e+22  0.360233  200 
 2.61891e+22  0.347766  200 
 2.40537e+22  0.325816  200 
 2.19274e+22  0.293634  200 
 1.98101e+22  0.251189  200 

 1e+23  2.11013  200 
 9.64749e+22  2.21459  200 
 9.29314e+22  2.32048  200 
 8.93696e+22  2.42779  200 
 8.57896e+22  2.53655  200 
 8.22025e+22  2.64839  200 
 7.86427e+22  2.76839  200 
 7.51474e+22  2.90201  200 
 7.1754e+22  3.05473  200 
 6.84995e+22  3.23205  200 
 6.54213e+22  3.43944  200 
 6.25558e+22  3.68222  200 
 5.97602e+22  3.92793  200 
 5.65386e+22  4.07008  200 
 5.2845e+22  4.0995  200 
 4.89132e+22  4.06743  200 
 4.49799e+22  4.02575  200 
 4.12819e+22  4.02633  200 
 3.80462e+22  4.11879  200 
 3.53323e+22  4.31432  200 
 3.30591e+22  4.59174  200 
 3.11411e+22  4.92886  200 
 2.94926e+22  5.3035  200 
 2.80282e+22  5.69349  200 
 2.66622e+22  6.07663  200 
 2.53118e+22  6.43162  200 
 2.4004e+22  6.77209  200 
 2.27908e+22  7.11616  200 
 2.16723e+22  7.46387  200 
 2.06484e+22  7.81524  200 
 1.97192e+22  8.17025  200 
 1.88847e+22  8.5289  200 
 1.81448e+22  8.89121  200 
 1.74997e+22  9.25716  200 
 1.69492e+22  9.62675  200 
 1.64934e+22  10  200 


# Contour 3, label:      100
 9.37968e+21  0.251189  100 
 9.46764e+21  0.306762  100 
 9.46782e+21  0.357701  100 
 9.38024e+21  0.404007  100 
 9.20488e+21  0.445679  100 
 8.94176e+21  0.482718  100 
 8.59086e+21  0.515123  100 
 8.1522e+21  0.542894  100 
 7.62576e+21  0.566032  100 
 7.01155e+21  0.584536  100 
 6.30957e+21  0.598407  100 

 5.88657e+22  0.251189  100 
 5.61301e+22  0.271086  100 
 5.33913e+22  0.290094  100 
 5.06493e+22  0.308211  100 
 4.79042e+22  0.325438  100 
 4.51558e+22  0.341775  100 
 4.24043e+22  0.357222  100 
 3.96495e+22  0.371778  100 
 3.68922e+22  0.384961  100 
 3.41348e+22  0.394667  100 
 3.13803e+22  0.398451  100 
 2.86316e+22  0.393871  100 
 2.58918e+22  0.378481  100 
 2.31636e+22  0.349989  100 
 2.0448e+22  0.307561  100 
 1.77449e+22  0.251189  100 

 1e+23  0.445543  100 
 9.79065e+22  0.454077  100 
 9.58137e+22  0.463457  100 
 9.37217e+22  0.473681  100 
 9.16303e+22  0.484749  100 
 8.95397e+22  0.496663  100 
 8.74499e+22  0.509421  100 
 8.53607e+22  0.523023  100 
 8.32723e+22  0.537471  100 
 8.11847e+22  0.552763  100 
 7.90977e+22  0.568899  100 
 7.70115e+22  0.585881  100 
 7.4926e+22  0.603707  100 
 7.28412e+22  0.622377  100 
 7.07572e+22  0.6419  100 
 6.86741e+22  0.662416  100 
 6.6592e+22  0.684179  100 
 6.45114e+22  0.707451  100 
 6.24324e+22  0.732491  100 
 6.03556e+22  0.759538  100 
 5.82816e+22  0.788802  100 
 5.62112e+22  0.820489  100 
 5.41454e+22  0.854807  100 
 5.20847e+22  0.891961  100 
 5.00302e+22  0.932159  100 
 4.79824e+22  0.975606  100 
 4.59424e+22  1.02253  100 
 4.39124e+22  1.07355  100 
 4.18966e+22  1.12974  100 
 3.98991e+22  1.1922  100 
 3.79245e+22  1.26193  100 
 3.59792e+22  1.33953  100 
 3.40699e+22  1.42548  100 
 3.22036e+22  1.52025  100 
 3.03871e+22  1.62434  100 
 2.86303e+22  1.73818  100 
 2.69468e+22  1.86215  100 
 2.53509e+22  1.99663  100 
 2.3856e+22  2.14192  100 
 2.2472e+22  2.29784  100 
 2.12074e+22  2.46401  100 
 2.00685e+22  2.63988  100 
 1.90401e+22  2.82322  100 
 1.80954e+22  3.01087  100 
 1.72075e+22  3.19966  100 
 1.63494e+22  3.38642  100 
 1.54947e+22  3.56821  100 
 1.46402e+22  3.75032  100 
 1.38115e+22  3.94835  100 
 1.30335e+22  4.17497  100 
 1.23168e+22  4.41999  100 
 1.16663e+22  4.66424  100 
 1.10868e+22  4.88856  100 
 1.05832e+22  5.07375  100 
 1.01601e+22  5.20064  100 
 9.88452e+21  5.18794  100 
 9.72618e+21  5.04988  100 
 9.60018e+21  4.85436  100 
 9.47105e+21  4.61968  100 
 9.3033e+21  4.36413  100 
 9.06147e+21  4.10602  100 
 8.71187e+21  3.86315  100 
 8.26244e+21  3.64178  100 
 7.76304e+21  3.43652  100 
 7.26539e+21  3.2415  100 
 6.82117e+21  3.05082  100 
 6.48211e+21  2.85859  100 
 6.29985e+21  2.65894  100 
 6.25578e+21  2.45098  100 
 6.21369e+21  2.243  100 
 6.1622e+21  2.0357  100 
 6.1063e+21  1.82879  100 
 6.05098e+21  1.62196  100 
 6.00075e+21  1.41492  100 
 5.95697e+21  1.20761  100 
 5.91964e+21  1  100 


# Contour 4, label:       50
 9.70753e+21  0.251189  50 
 9.79341e+21  0.310488  50 
 9.7847e+21  0.364801  50 
 9.68139e+21  0.414128  50 
 9.48349e+21  0.458468  50 
 9.19099e+21  0.497822  50 
 8.8039e+21  0.53219  50 
 8.32221e+21  0.561571  50 
 7.74593e+21  0.585966  50 
 7.07505e+21  0.605374  50 
 6.30957e+21  0.619796  50 

 1.67124e+22  0.251189  50 
 1.83129e+22  0.286304  50 
 1.98858e+22  0.316966  50 
 2.14313e+22  0.343175  50 
 2.29493e+22  0.364931  50 
 2.44397e+22  0.382234  50 
 2.5903e+22  0.395099  50 
 2.73473e+22  0.403824  50 
 2.87875e+22  0.408965  50 
 3.0239e+22  0.411087  50 
 3.17169e+22  0.410754  50 
 3.32365e+22  0.408532  50 
 3.48131e+22  0.404986  50 
 3.64619e+22  0.40068  50 
 3.81982e+22  0.39618  50 
 4.00372e+22  0.392049  50 
 4.19751e+22  0.388738  50 
 4.39543e+22  0.386366  50 
 4.59081e+22  0.384999  50 
 4.77697e+22  0.384701  50 
 4.94722e+22  0.385538  50 
 5.0949e+22  0.387573  50 
 5.21331e+22  0.390871  50 
 5.29579e+22  0.395498  50 
 5.28747e+22  0.40407  50 
 5.19578e+22  0.416271  50 
 5.06961e+22  0.429913  50 
 4.91628e+22  0.445011  50 
 4.74309e+22  0.461575  50 
 4.55734e+22  0.479619  50 
 4.36636e+22  0.499155  50 
 4.17744e+22  0.520195  50 
 3.9979e+22  0.542753  50 
 3.83337e+22  0.566897  50 
 3.68056e+22  0.593  50 
 3.53316e+22  0.621539  50 
 3.38528e+22  0.652984  50 
 3.23526e+22  0.687753  50 
 3.08406e+22  0.726231  50 
 2.93266e+22  0.768806  50 
 2.78205e+22  0.815862  50 
 2.6332e+22  0.867786  50 
 2.48711e+22  0.924967  50 
 2.34521e+22  0.989159  50 
 2.20969e+22  1.06461  50 
 2.08044e+22  1.15089  50 
 1.95636e+22  1.24555  50 
 1.83637e+22  1.34613  50 
 1.71939e+22  1.45016  50 
 1.60433e+22  1.55519  50 
 1.49143e+22  1.67246  50 
 1.38391e+22  1.8215  50 
 1.28332e+22  1.98425  50 
 1.19112e+22  2.14125  50 
 1.10877e+22  2.2731  50 
 1.03772e+22  2.36034  50 
 9.83227e+21  2.36156  50 
 9.45754e+21  2.2597  50 
 9.12478e+21  2.11033  50 
 8.76534e+21  1.93414  50 
 8.31058e+21  1.75185  50 
 7.69186e+21  1.58413  50 
 6.91291e+21  1.44356  50 
 6.26255e+21  1.31062  50 
 6.02128e+21  1.16389  50 
 6.23333e+21  1  50 

 8.21956e+22  0.251189  50 
 7.96626e+22  0.38763  50 
 7.72502e+22  0.493751  50 
 7.49585e+22  0.569552  50 
 7.27875e+22  0.615032  50 
 7.07371e+22  0.630192  50 
 6.88075e+22  0.615032  50 
 6.69984e+22  0.569552  50 
 6.53101e+22  0.493751  50 
 6.37424e+22  0.38763  50 
 6.22954e+22  0.251189  50 

