#Angle(degree)	CountsImageJ(au)	Offset(=Counts-Min(Counts))	Normalization
-90	50.4839	41.5233	0.5762123157
-89	42.2636	33.303	0.462140503
-88	36.8019	27.8413	0.3863493495
-87	44.9697	36.0091	0.4996926279
-86	36.4273	27.4667	0.3811510841
-85	41.0325	32.0719	0.4450567216
-84	34.7556	25.795	0.3579531657
-83	38.8065	29.8459	0.414166869
-82	31.6832	22.7226	0.3153179532
-81	32.4956	23.535	0.3265915004
-80	28.59	19.6294	0.2723941023
-79	28.3647	19.4041	0.2692676496
-78	29.1371	20.1765	0.2799861232
-77	35.2309	26.2703	0.3645488291
-76	34.5282	25.5676	0.3547975716
-75	28.6277	19.6671	0.2729172593
-74	27.9443	18.9837	0.2634338248
-73	23.9217	14.9611	0.2076128361
-72	23.1358	14.1752	0.1967070252
-71	24.5246	15.564	0.2159791847
-70	17.6829	8.7223	0.1210379879
-69	16.3873	7.4267	0.10305915
-68	20.3218	11.3612	0.1576575889
-67	17.5597	8.5991	0.1193283608
-66	17.848	8.8874	0.1233290546
-65	15.1911	6.2305	0.0864596704
-64	14.2992	5.3386	0.0740829141
-63	15.097	6.1364	0.0851538595
-62	15.2051	6.2445	0.0866539462
-61	8.9606	0	0
-60	15.2289	6.2683	0.0869842151
-59	13.8165	4.8559	0.067384562
-58	13.1258	4.1652	0.0577998265
-57	14.6997	5.7391	0.0796405898
-56	16.2389	7.2783	0.1009998265
-55	17.8576	8.897	0.1234622723
-54	16.8803	7.9197	0.1099004337
-53	11.435	2.4744	0.0343368604
-52	8.9772	0.0166	0.0002303556
-51	16.4579	7.4973	0.1040388552
-50	15.6184	6.6578	0.0923892454
-49	14.483	5.5224	0.0766334779
-48	14.8368	5.8762	0.0815431049
-47	16.4907	7.5301	0.1044940156
-46	15.6569	6.6963	0.0929235039
-45	17.5497	8.5891	0.1191895924
-44	13.7595	4.7989	0.066593582
-43	11.7044	2.7438	0.0380752819
-42	14.2711	5.3105	0.0736929748
-41	13.6506	4.69	0.0650823938
-40	15.0124	6.0518	0.0839798786
-39	12.7634	3.8028	0.0527708586
-38	17.0913	8.1307	0.1128284475
-37	13.9622	5.0016	0.069406418
-36	11.868	2.9074	0.0403455334
-35	11.9828	3.0222	0.041938595
-34	14.3553	5.3947	0.074861405
-33	11.0923	2.1317	0.0295812663
-32	15.5982	6.6376	0.0921089332
-31	18.6899	9.7293	0.1350119688
-30	17.1698	8.2092	0.1139177797
-29	20.7174	11.7568	0.163147268
-28	12.9674	4.0068	0.0556017346
-27	15.1253	6.1647	0.0855465742
-26	19.1635	10.2029	0.1415840416
-25	15.3298	6.3692	0.0883843886
-24	19.376	10.4154	0.1445328708
-23	17.1109	8.1503	0.1131004337
-22	17.7657	8.8051	0.1221869905
-21	19.4285	10.4679	0.145261405
-20	18.938	9.9774	0.1384548135
-19	21.5178	12.5572	0.1742542931
-18	18.8428	9.8822	0.1371337381
-17	13.801	4.8404	0.0671694709
-16	17.8771	8.9165	0.1237328708
-15	24.2299	15.2693	0.2118896791
-14	20.313	11.3524	0.1575354727
-13	11.5054	2.5448	0.0353137901
-12	15.459	6.4984	0.0901772767
-11	16.426	7.4654	0.1035961839
-10	16.079	7.1184	0.0987809193
-9	16.98	8.0194	0.1112839549
-8	17.6171	8.6565	0.1201248916
-7	16.1162	7.1556	0.0992971379
-6	24.4493	15.4887	0.2149342585
-5	19.9645	11.0039	0.1526993929
-4	13.0461	4.0855	0.0566938422
-3	15.8971	6.9365	0.0962567216
-2	11.724	2.7634	0.038347268
-1	9.6169	0.6563	0.0091073721
0	14.4106	5.45	0.0756287944
1	18.84	9.8794	0.1370948829
2	24.0198	15.0592	0.2089741544
3	14.6264	5.6658	0.0786234172
4	16.0044	7.0438	0.0977457069
5	19.7535	10.7929	0.149771379
6	23.2405	14.2799	0.1981599306
7	25.3695	16.4089	0.2277037294
8	18.8036	9.843	0.1365897658
9	15.3539	6.3933	0.0887188205
10	14.4105	5.4499	0.0756274068
11	11.4512	2.4906	0.0345616652
12	14.4162	5.4556	0.0757065048
13	14.8637	5.9031	0.081916392
14	20.6416	11.681	0.1620954033
15	20.4352	11.4746	0.1592312229
16	20.0017	11.0411	0.1532156114
17	23.73	14.7694	0.2049526453
18	25.7495	16.7889	0.2329769297
19	31.5301	22.5695	0.3131934085
20	29.8583	20.8977	0.2899941023
21	29.6607	20.7001	0.2872520382
22	29.2712	20.3106	0.2818470078
23	29.4935	20.5329	0.28493183
24	33.5949	24.6343	0.341846314
25	37.4125	28.4519	0.3948225499
26	38.2135	29.2529	0.4059379011
27	44.3166	35.356	0.4906296618
28	49.3507	40.3901	0.5604870772
29	49.9712	41.0106	0.5690976583
30	50.1317	41.1711	0.5713248916
31	52.0971	43.1365	0.5985984389
32	51.2099	42.2493	0.5862869037
33	53.1172	44.1566	0.6127542064
34	55.9492	46.9886	0.6520534258
35	62.2908	53.3302	0.7400548135
36	54.3479	45.3873	0.6298324371
37	62.4273	53.4667	0.7419490026
38	74.7693	65.8087	0.9132169991
39	75.3116	66.351	0.9207424111
40	79.4385	70.4779	0.9780107546
41	73.6766	64.716	0.8980537728
42	81.0231	72.0625	1
43	80.4088	71.4482	0.9914754553
44	76.2643	67.3037	0.9339628794
45	73.2172	64.2566	0.8916787511
46	76.0115	67.0509	0.9304548135
47	62.0905	53.1299	0.7372752819
48	66.5808	57.6202	0.7995864701
49	58.7335	49.7729	0.6906907199
50	51.9599	42.9993	0.596694536
51	58.9228	49.9622	0.6933176062
52	52.2727	43.3121	0.6010352125
53	46.8224	37.8618	0.525402255
54	54.475	45.5144	0.6315961839
55	51.2165	42.2559	0.5863784909
56	60.9655	52.0049	0.7216638335
57	72.3332	63.3726	0.8794116219
58	52.9189	43.9583	0.6100024284
59	68.5079	59.5473	0.8263285343
60	62.9912	54.0306	0.7497741544
61	47.8757	38.9151	0.5400187337
62	53.614	44.6534	0.619648222
63	54.8034	45.8428	0.6361533391
64	56.5559	47.5953	0.6604725065
65	57.0348	48.0742	0.6671181266
66	52.9899	44.0293	0.6109876843
67	45.5241	36.5635	0.5073859497
68	50.2897	41.3291	0.5735174328
69	41.6823	32.7217	0.4540738942
70	41.8262	32.8656	0.4560707719
71	40.1856	31.225	0.4333044232
72	29.5254	20.5648	0.2853745013
73	25.5157	16.5551	0.2297325239
74	28.2415	19.2809	0.2675580225
75	28.9202	19.9596	0.2769762359
76	32.2537	23.2931	0.3232346921
77	28.8307	19.8701	0.2757342585
78	37.083	28.1224	0.3902501301
79	33.7625	24.8019	0.3441720729
80	31.9783	23.0177	0.3194130095
81	25.5822	16.6216	0.2306553339
82	25.0951	16.1345	0.2238959237
83	29.5088	20.5482	0.2851441457
84	29.5329	20.5723	0.2854785776
85	41.5596	32.599	0.4523712056
86	47.1052	38.1446	0.5293266262
87	43.3144	34.3538	0.4767222897
88	42.9014	33.9408	0.4709911535
89	41.4992	32.5386	0.4515330442
