1.6632749109125236724	3.3322425704938543379	6.7107887923064402877	13.819433899820029777	67.191575344528160806	24.544985623692759125	124.66747091238767715	124.74484063090767276
1.6445038852905050796	3.2945732137149447969	6.6344396626986445376	13.658553411697516407	62.043790189956283266	29.063981262321027694	102.29114042298778844	103.21003689059018112
1.6224815655082941209	3.2502669996877223628	6.5436779938784348025	13.457292742115855963	57.730487389633822284	29.336595250976476627	85.478782467327741668	87.043871026360005458
1.5963187002229444451	3.1975358415841706777	6.4348590293158130994	13.702719792697088471	54.105347894777835553	29.688056982220895425	314.34106575432135728	74.779942736987685577
1.6218026256174890581	3.2547727059583548611	6.6020582097985232957	14.068052646117846971	51.052561696090351434	30.159817076233273684	316.23614623258752716	65.145518525480901175
1.6651014952671358436	3.3424659455331157561	6.7867073456560015666	14.532982220756513559	36.428649199918392377	30.823428774543946835	316.45956051545860214	57.438296435038830447
1.7248595382275129927	3.4634560683603009524	7.0408278566103938313	15.141565950326180815	34.228175781008982588	31.801042959102310967	315.25307606377342980	1086.9356526943037202
1.8104494178986631547	3.6368272405369593918	7.4050772303124928706	15.971116225057462838	45.010219171176436450	33.261137016779911915	264.16530591194923728	1103.9142407481852181
1.9371292563556303811	3.8938477651036263597	7.9475575444838096744	17.166057470888476352	44.467221872830395953	107.08859309875618967	264.16098869694686930	1119.4866034674224349
2.1272073958628460906	4.2807928796600788799	8.7731709035170702308	18.979281037587525125	45.446860072246168869	96.469524440288872172	264.15694449943861202	1133.8035437758809490
2.4043589014469097342	4.8482660574018690937	10.007394540205219152	21.758368008979404387	48.998235440378655464	84.561056566546218176	264.15337222926393198	1146.9998874594107135
2.7756668876384155856	5.6152801228337439542	11.723894581553228007	25.773554111538756475	56.308667803346689392	79.750932196897122870	264.15053178826868505	1159.1951483056491150
3.2172523490632605432	6.5388501412881794077	13.869172478563640255	30.966216276230066476	67.803213387044216338	81.516441428255049894	264.14875158248393974	1170.4947263856680877
3.6876794920949404193	7.5390939992843674431	16.296777720196686613	36.948500262745577372	82.632580395902072938	83.955796252360575837	283.52297368694703613	1180.9913128263622565
4.1520767959536408299	8.5476399117229174923	18.863164633774599163	43.252981917779186384	99.218890658529378794	86.202372527095393692	277.38481987769853314	1190.7663206197601144
4.5908823609844381087	9.5261035434967254785	21.471468361651697785	49.514966586008155900	116.02738416177065647	88.137219566788315513	271.15354987111338079	1199.8912466728060283
4.9964485130464474600	10.459896364079220412	24.064306575295960488	55.505273754460256000	131.95101226621915164	89.755592436777012045	264.90308331261867234	1208.4289200338336485
5.3677610424042524762	11.347845977103646379	26.606332750659757216	61.099660475271730840	146.35611254484209327	91.074765258378246998	258.69786940080042725	1216.4346196026902311
5.7068639458023011952	12.195046583823805696	29.072936281446611877	66.242596692772234026	20.757236157678913412	92.115863921150058633	252.59306404122855784	1223.9570603187118677
6.0169413911311529163	13.008959103184560394	31.445349857428892024	70.920483820375952901	169.80369338369022717	92.900132149926291444	246.63465217337519464	1231.0392550211440973
6.3013952531128728919	13.797464744285098382	33.709137055278270248	75.144184817190153787	178.94279877975476663	93.448442637276453795	240.85965461222953836	1237.7192630091018321
6.5634395026277611008	14.567909012126165206	35.853847330279344220	78.938082785477619839	186.57753528078998597	93.781443838356936638	235.29650908189478030	1244.0308376639685957
6.8059467172040599616	15.326594904330634755	37.872811803846765164	82.333333548617387156	192.90664024960539964	93.919693615155444118	229.96566008137023797	1250.0039854548035042
7.0314125370583268515	16.078453113531169716	39.762782029480617142	85.363752217405029776	198.12313112731640729	93.883650708424115823	224.88034270429544205	1255.6654478902772072
7.2419723208896747649	16.826774511826119466	41.523421806847373844	88.063349526478329278	202.40248678373977540	93.693538957613223917	220.04751006027529562	1261.0391168969767001
7.4394383752920536981	17.572990602962391097	43.156739203551702075	90.464903203601870080	205.89826945952359140	93.369132585410038303	215.46883625692047069	1266.1463929154522733
7.6253428751308289844	18.316555478184976538	44.666533815823274610	92.599178603262702429	208.74177472164972960	92.929510054785549473	211.14172574126820260	1271.0064938341334542
7.8009797675604049965	19.055013946142973306	46.057902969487299863	94.494554600661596841	211.04365323733911024	92.392813510445500713	207.06027051477611204	264.25727382053424685
7.9674429227508071173	19.784318451616546434	47.336824657496216743	96.176899367597459423	212.89633466538140140	91.776039003900956682	203.21611355066100943	264.25727358388202636
8.1256596950558660573	20.499381961575656625	48.509818945738335420	97.669596702995700476	214.37662671590252179	91.094872335106157850	199.59919461183764403	264.25727344500989686
8.2764199362560467245	21.194762058782116067	49.583681342578033441	98.993659407349742209	19.857556815503372415	90.363577115723237249	196.19837022447859435	264.25727338457537217
8.4204008742718751092	21.865320440652519954	50.565278311345755994	100.16788925884492973	216.46367981771603439	89.594935520882711224	193.00191120895108239	264.25727338508442174
8.5581883923507388221	22.506723101448013579	51.461394486535249214	101.20905808519179856	217.16674357656697302	88.800237883757404769	189.99788867101521166	264.25727343159266783
8.6902952410221847343	23.115719053253879289	52.278621842644136828	102.13209412067052695	217.69350351564493061	87.989314510958527226	187.17446328182011236	264.25727351183104570
8.8171766471171682018	23.690211196555278308	53.023282278066803295	102.95026412942126621	218.07393309086965572	87.170601589007169882	184.52009392268839352	264.25727361601343067
8.9392436734688143485	24.229177434641225530	53.701376411302518746	103.67534584412843518	218.33293622661485730	86.351232563432958543	182.02368124790107139	264.25727373650268030
9.0568745295606935171	24.732508896697934904	54.318552652553639404	104.31778787978299775	218.49124172781504360	85.537146661151743681	179.67466018312287381	264.25727386744115928
9.1704238198403727344	25.200819085787013032	54.880091733588134455	104.88685593566129388	218.56613534857928674	84.733207060180323233	177.46305338489680920	264.25727400440170548
9.2802294083929173943	25.635258311339099093	55.390902832455460552	105.39076512396793372	218.57205846276397338	83.943322371865899914	175.37949560446724451	264.25727414408351907
9.3866161259259370215	26.037350929812229111	55.855528223686850076	105.83679887782754266	218.52109776483012193	83.170566402683205921	173.41523694264804954	264.25727428405962064
9.4898948904989450554	26.408861533834745281	56.278154036182792072	106.23141523811380139	218.42338625101338245	82.417292458142308519	171.56213125929457959	264.25727442257348690
9.5903549299411550616	26.751689797440737793	56.662625230344306031	106.58034149313772453	218.28743207856716281	81.685239637377515073	169.81261454877691878	264.25727455837861808
9.6882457875109926833	27.067790683722089146	57.012463332864545998	106.88865821050760288	218.12038881165200820	80.975629582486935492	168.15967690780953008	264.25727469061374225
9.7837451318210769954	27.359115738993338978	57.330885809691466736	107.16087369817307451	217.92827800209461217	80.289252965904707766	166.59683077854301724	264.25727481870668707
9.8769092849889238266	27.627571248924716993	57.620826230295492916	107.40098988917943695	217.71617295842011484	79.626545622560674727	165.11807741348183776	264.25727494230084530
9.9676080475708420084	27.874989528143489344	57.884954592425518823	107.61256057988039229	217.48835085664922393	78.987654678983774298	163.71787294360003165	264.25727506119920525
10.055456247961386614	28.103110241878618697	58.125697346741808872	107.79874287583682120	217.24841897389641835	78.372495325675211978	162.39109500354203316	264.25727517532191110
10.139770499330373946	28.313569267648718071	58.345256793927350615	107.96234262068622944	216.99941972096133873	77.780799051976001491	161.13301054887370671	264.25727528467418079
10.219590713923249341	28.507893137528698054	58.545629630361913864	108.10585450541411115	216.74391826192534630	77.212154243293520360	159.93924526564012289	264.25727538932211981
10.293793283472839329	28.687497542277233359	58.728624498128687772	108.23149748135184507	216.48407579495990995	76.666040054645545841	158.80575480223540057	264.25727548937453813
