.4207248764e28
.4425235540544881924e28
.46545166895915815904e28
.48956773973253883276e28
.51493331697099942368e28
.54161314034216438728e28
.56967530381768241388e28
.59919142946706720428e28
.63023685025617791848e28
.66289080231688940772e28
.69723662717867532424e28
.73336198447825264128e28
.77135907569017890248e28
.81132487944942190856e28
.85336139906650733136e28
.89757592286696843088e28
.94408129801955306684e28
.99299621855207007208e28
.10444455282899676701e29
.10985605394908233784e29
.11554793679879849620e29
.12153472856987377246e29
.12783170913966922920e29
.13445495006947021698e29
.14142135562336507113e29
.14874870591240178626e29
.15645570227413797688e29
.16456201500340474810e29
.17308833355610602056e29
.18205641935418669491e29
.19148916132654191260e29
.20141063432762251554e29
.21184616058283644989e29
.22282237431757104336e29
.23436728973478652891e29
.24651037251467762789e29
.25928261501888925545e29
.27271661539122741416e29
.28684666075675122867e29
.30170881473159222787e29
.31734100946684909812e29
.33378314246147829175e29
.35107717839127261515e29
.36926725621382230462e29
.38839980182281880270e29
.40852364653922483868e29
.42969015174173164500e29
.45195333995459322768e29
.47537003272740854332e29
.49999999565875728568e29
