.116938845042846e28
.136746934799547e28
.159910286186084e28
.186997241770717e28
.218672414788655e28
.255712996281154e28
.299027824475638e28
.349679684298560e28
.408911384168206e28
.478176249895015e28
.559173783896423e28
.653891364670857e28
.764653009681005e28
.894176398106328e28
.104563955259126e29
.122275881611140e29
.142988003722025e29
.167208520102358e29
.195531712220932e29
.228652525963659e29
.267383623023197e29
.312675320597044e29
.365638908640199e29
.427573916791116e29
.499999999999990e29
