.1148153621e27
.1318256737e27
.1513561246e27
.1737800826e27
.1995262311e27
.2290867647e27
.2630267984e27
.3019951710e27
.3467368491e27
.3981071688e27
.4570881874e27
.5248074575e27
.6025595827e27
.6918309667e27
.7943282296e27
.9120108331e27
.1047128540e28
.1202264425e28
.1380384253e28
.1584893179e28
.1819700842e28
.2089296111e28
.2398832895e28
.2754228675e28
.3162277626e28
.3630780507e28
.4168693786e28
.4786300865e28
.5495408670e28
.6309573363e28
.7244359504e28
.8317637596e28
.9549925724e28
.1096478180e29
.1258925393e29
.1445439748e29
.1659586881e29
.1905460687e29
.2187761587e29
.2511886388e29
.2884031452e29
.3311311155e29
.3801893892e29
.4365158239e29
.5011872239e29
.5754399259e29
.6606934346e29
.7585775593e29
.8709635715e29
.9999999784e29
