1.67982676260899	4.26089560722851	9.03129276981460	13.8370022047371	23.6928278837026	40.6761417573683	56.3075700663971	133.238718717266	208.348771567609	258.428567679338
1.77742969902337	4.52038061356702	9.71262896493065	15.3661898105545	26.9949736486547	45.1417777021538	61.7948659791996	146.480592387100	74.9656307289857	258.428426371760
1.86196095410993	4.74745317824458	10.3554851839300	17.1799420469276	30.2537380797278	49.2124260950432	66.6577232872673	157.429706722223	75.2865018602566	258.428321945231
1.93536638417667	4.94623549456767	10.9662826559521	19.5855931633306	33.3415427652769	52.8766157071497	70.9209141848320	166.269788205983	75.4644545914797	258.428253794098
1.99934927109165	5.12023148171387	11.5422284539467	22.6138358006570	36.1986061647420	56.1466499621173	74.6320053001289	173.285568876199	75.5238102031860	258.428219705434
2.05534234988722	5.27232331211762	12.0560527317733	25.5334877859498	38.8073454415522	59.0476014861760	77.8474113006957	178.779562622108	75.4846879612145	258.428216296309
2.10453425839499	5.40491185836435	12.4298617835334	28.0777632231386	41.1709815392671	61.6105273775680	80.6247137480018	183.031697948181	75.3639868625133	258.428239475941
2.14790934369915	5.52008205989487	12.5796888656300	30.3061246207706	43.3023370724681	63.8683881986904	83.0186703976107	186.283844532938	75.1760620755397	258.428284864225
2.18628581010355	5.61973728983737	12.5620897536520	32.2815830557338	45.2184050703919	65.8536733154976	85.0793519878442	188.737194754658	74.9331988746701	258.428348126184
2.22034774736609	5.70567903128765	27.8631599501284	34.0467124406042	46.9376312032431	67.5970923391890	86.8514763755230	190.555472961790	74.6459543763439	258.428425208525
2.25067063726750	5.77963104640893	29.1494113088810	35.6316636694425	48.4784897366630	69.1269248547416	88.3743929083853	191.870240538587	74.3234133090860	258.428512483853
2.27774129581399	5.84322375496092	30.3859664365946	37.0595219120375	49.8587216701043	70.4687696794047	89.6823988218552	20.5472177730106	73.9733875917888	258.428606818866
2.30197347223567	5.89796149987547	31.5501424326549	38.3490322867154	51.0949376937310	71.6455301329592	90.8052053572611	20.5878720581308	73.6025785894574	258.428705586551
2.32372018544353	5.94519228596198	32.6365448570125	39.5159970419066	52.2024332717929	72.6775326020892	91.7684515762974	20.6155884825798	73.2167138189116	258.428806641317
2.34328363163487	5.98609082928195	33.6464571054126	40.5740364228661	53.1951306197634	73.5827144749266	92.5942109552302	20.6318091345936	72.8206653355762	258.428908272686
2.36092326374315	6.02165705904868	34.5837982138146	41.5350386032022	54.0855968033634	74.3768422420825	93.3014632138069	193.899315206611	72.4185541851129	258.429009149124
2.37686246274671	6.05272686707731	35.4534473644619	42.4094518999881	54.8851063853659	75.0737362702606	93.9065194873506	193.781275460058	72.0138435653840	258.429108259861
2.39129409454508	6.07999014666860	36.2605013410532	43.2064930655643	55.6037285167265	75.6854886899557	94.4233976731595	193.569364365369	71.6094223200613	258.429204859534
2.40438516303022	35.6383605192749	37.0099335353692	43.9343080601633	56.2504255740281	76.2226670723773	94.8641494320510	193.284950989520	71.2076798097918	258.429298418249
2.41628071680781	36.0851192811194	37.7064392192377	44.6001036804327	56.8331551197180	76.6945004327137	95.2391426080298	192.945164313273	70.8105729041842	258.429388578204
2.42710713273511	36.5215187348096	38.3543723308415	45.2102595551512	57.3589700501978	77.1090464423454	95.5573037592107	192.563755149106	70.4196856933001	258.429475116957
2.43697487634621	36.9451077359095	38.9577288969886	45.7704256065347	57.8341138536576	77.4733401124011	95.8263256737429	192.151774753987	70.0362824579272	258.429557917017
39.2948472261947	37.3541783038199	39.5201544681907	46.2856078654681	58.2641092685193	77.7935249799656	96.0528445302368	191.718110507209	69.6613544191377	258.429636941032
39.5581160418785	37.7476090550527	40.0449635841970	46.7602444209938	58.6538395372492	78.0749682150281	96.2425909593752	191.269910039819	69.2956607835846	258.429712211819
39.8118315933781	38.1247369446897	40.5351646998343	47.1982727285269	59.0076220373107	78.3223612180608	96.4005187894877	190.812918148871	68.9397645978385	258.429783796491
40.0554688051480	38.4852535691720	40.9934869048281	47.6031892193928	59.3292744419006	78.5398072892954	96.5309147786578	190.351745348179	68.5940639163442	258.429851793933
40.2887166515169	38.8291220863695	41.4224063983749	47.9781020053417	59.6221737869133	78.7308978814983	96.6374921829986	189.890082671256	68.2588187713146	258.429916325041
40.5114371338670	39.1565110838027	41.8241716205327	48.3257773846007	59.8893089450649	78.8987788362992	96.7234706005363	189.430874077749	67.9341744093857	258.429977525161
40.7236306329640	39.4677421928229	42.2008264976233	48.6486807958031	60.1333270664428	79.0462078735845	96.7916441680182	188.976455300744	67.6201812306325	258.430035538305
40.9254068378513	39.7632487558343	42.5542315880025	48.9490128163313	60.3565745597653	79.1756044683845	96.8444398733791	188.528666035153	67.3168118324067	258.430090512762
41.1169604993934	40.0435433328323	42.8860831075117	49.2287407551477	60.5611331762367	79.2890931186121	96.8839674764035	188.088940872214	67.0239755252311	258.430142597812
41.2985513215201	40.3091922530761	43.1979299233004	49.4896263445256	60.7488517288865	79.3885408843767	96.9120622997748	187.658383228424	66.7415306522063	258.430191941303
41.4704873759549	40.5607957704938	43.4911886622775	49.7332499899354	60.9213739420489	79.4755899678214	96.9303219572843	187.237825619933	66.4692950082622	258.430238687894
41.6331114998196	40.7989726708804	43.7671571060916	49.9610319930555	61.0801628831373	79.5516860020865	96.9401379208042	186.827878935169	66.2070546220491	258.430282977836
41.7867902059438	41.0243484129517	44.0270260507227	50.1742511202168	61.2265223852936	79.6181026291125	96.9427226883092	186.428972813301	65.9545711318468	258.430324946123
41.9319047007262	41.2375460727399	44.2718898035876	50.3740608481791	61.3616158269399	79.6759628678249	96.9391331978191	186.041388809050	65.7115879580103	258.430364721975
42.0688436628988	41.4391795101536	44.5027554795551	50.5615035814186	61.4864825939213	79.7262577060390	96.9302910333508	185.665287688563	65.4778354482419	258.430402428537
42.1979974883135	41.6298482951415	44.7205512427658	50.7375231004261	61.6020525125571	79.7698622900749	96.9169998857289	185.300731936107	65.2530351484732	258.430438182752
42.3197537510653	41.8101340250611	44.9261336256275	50.9029754689417	61.7091585077658	79.8075500347053	96.8999606610569	184.947704341542	65.0369033312395	258.430472095369
42.4344936703210	41.9805977395689	45.1202940410262	51.0586385996471	61.8085477096225	79.8400049316728	96.8797845706102	184.606123371814	64.8291538949974	258.430504271038
42.5425894057592	42.1417781987066	45.3037645893949	51.2052206524405	61.9008912041275	79.8678322967089	96.8570044861055	184.275855896756	64.6295007316907	258.430534808471
42.6444020331104	42.2941908370745	45.4772232491011	51.3433674169188	61.9867925994752	79.8915681620141	96.8320848022892	183.956727733105	64.4376596458113	258.430563800657
42.7402800755802	42.4383272446018	45.6412985268598	51.4736688108306	62.0667955574452	79.9116874927729	96.8054300132368	183.648532385241	64.2533498959898	258.430591335097
42.8305584874687	42.5746550544536	45.7965736344853	51.5966646088563	62.1413904204741	79.9286113818552	96.7773921787427	183.351038292336	64.0762954196463	258.430617494064
42.9155580036474	42.7036181426192	45.9435902492684	51.7128495008486	62.2110200482536	79.9427133558654	96.7482774316451	183.063994836026	63.9062257921385	258.430642354867
42.9955847831214	42.8256370629646	46.0828519074301	51.8226775654146	62.2760849630447	79.9543249076118	96.7183516554058	182.787137317645	63.7428769640895	258.430665990122
43.0709302871664	42.9411096569612	46.2148270733713	51.9265662332109	62.3369478901407	79.9637403545646	96.6878454428378	182.520191077420	63.5859918139019	258.430688468018
43.1418713427981	43.0504117897051	46.3399519216781	52.0248998043478	62.3939377687562	79.9712211094693	96.6569584313098	182.262874898151	63.4353205467925	258.430709852579
43.2086703509310	43.1538981738009	46.4586328638878	52.1180325756727	62.4473532989226	79.9769994377791	96.6258630964171	182.014903811475	63.2906209668129	258.430730203915
43.2715756057663	43.2519032507290	46.5712488478321	52.2062916262449	62.4974660815392	79.9812817666622	96.5947080747807	181.775991404771	63.1516586442133	258.430749578461
43.3308216979692	43.3447421057715	46.6781534537562	52.2899793028893	62.5445234013714	79.9842516017626	96.5636210769390	181.545851710315	63.0182069969731	258.430768029214
43.3866299791824	43.4327113977844	46.7796768083581	52.3693754421575	62.5887506964415	79.9860721005576	96.5327114429704	181.324200744697	62.8900473023656	258.430785605945
43.4392090696107	43.5160902893048	46.8761273352467	52.4447393602536	62.6303537516832	79.9868883447373	96.5020723864198	181.110757755337	62.7669686518685	258.430802355412
43.4887553938701	43.5951413658554	46.9677933580966	52.5163116383459	62.6695206499517	79.9868293485810	96.4717829659659	180.905246221597	62.6487678606132	258.430818321553
43.5354537331820	43.6701115360304	47.0549445708183	52.5843157271380	62.7064235092660	79.9860098355051	96.4419098190469	180.707394650358	62.5352493407293	258.430833545666
43.5794777843789	43.7412329061221	47.1378333874218	52.6489593915023	62.7412200315562	79.9845318108684	96.4125086871485	180.516937199436	62.4262249464256	258.430848066586
43.6209907181691	43.8087236247947	47.2166961828155	52.7104360133318	62.7740548850041	79.9824859555301	96.3836257585672	180.333614156950	62.3215137973264	258.430861920839
43.6601457307401	43.8727886947095	47.2917544345337	52.7689257684791	62.8050609393286	79.9799528615851	96.3552988511314	180.157172300229	62.2209420855144	258.430875142802
43.6970865841269	43.9336207491035	47.3632157743212	52.8245966916752	62.8343603709795	79.9770041289982	96.3275584544408	179.987365154172	62.1243428707745	258.430887764833
43.7319481318746	43.9914007922076	47.4312749575584	52.8776056416107	62.8620656531059	79.9737033395243	96.3004286487140	179.823953165804	62.0315558677776	258.430899817411
