.302661919049098e-7	.754913677959169e-7	.148994181261765e-6	.201068781898431e-6	.242953828712617e-6	.269706896540813e-6	.291446169264995e-6	.366860092648041e-6	.406455815219214e-6	.600757532527162e-6
.342425608293961e-7	.855556417490057e-7	.169674410547506e-6	.227012532776286e-6	.256310485865176e-6	.279078346122155e-6	.300596088567481e-6	.376665828220246e-6	.946796821597219e-6	.600757637925933e-6
.387439537213937e-7	.970681425226421e-7	.194409693625680e-6	.256090668089200e-6	.267126519031948e-6	.287789552236285e-6	.309168259112081e-6	.385694338227107e-6	.975171885863112e-6	.600757747568306e-6
.438373318567957e-7	.110274072134479e-6	.224931835235913e-6	.284580480563703e-6	.276136632345125e-6	.295839253220183e-6	.317112990473747e-6	.393905996322450e-6	.100294168471668e-5	.600757858304869e-6
.496139644342526e-7	.125511035634527e-6	.264536859257459e-6	.301477549794370e-6	.283939341017369e-6	.303264832290312e-6	.324444942382273e-6	.401343281775344e-6	.103028139517014e-5	.600757967348174e-6
.561920100456855e-7	.143226687736827e-6	.319841367968166e-6	.307430352782030e-6	.290898640306651e-6	.310117650665371e-6	.331205186142128e-6	.408077419444692e-6	.105729414424184e-5	.600758072411392e-6
.637223555315979e-7	.164009798147374e-6	.403508880397914e-6	.310588654633555e-6	.297225291831436e-6	.316451902486428e-6	.337443610448677e-6	.414185363001932e-6	.108403656770459e-5	.600758171766104e-6
.723980668240831e-7	.188639814689709e-6	.532668786980063e-6	.313453066933837e-6	.303046986260578e-6	.322319654941960e-6	.343210823880738e-6	.419740302349571e-6	.111053465595710e-5	.600758264232409e-6
.824686563140530e-7	.218165737589738e-6	.725763017796354e-6	.316441307394333e-6	.308447298087295e-6	.327768804553293e-6	.348554579070195e-6	.424808212088990e-6	.113679404286212e-5	.600758349121953e-6
.942614439078571e-7	.254034386975220e-6	.393675667878766e-6	.319565540326353e-6	.313485380417566e-6	.332842427778082e-6	.353518376178582e-6	.429447068568953e-6	.116280694040215e-5	.600758426155118e-6
.108213990822040e-6	.298305353812565e-6	.382618492070903e-6	.322772500208452e-6	.318205920000539e-6	.337578792414735e-6	.358141114387276e-6	.433707196999092e-6	.118855694875289e-5	.600758495370087e-6
.124924603933759e-6	.354025403294893e-6	.376203570340615e-6	.326010339659392e-6	.322644354842186e-6	.342011667581428e-6	.362457233823999e-6	.419541645778014e-5	.121402246075551e-5	.600758557035948e-6
.145233631606168e-6	.425914888120964e-6	.372549409914915e-6	.329239584435237e-6	.326829760881513e-6	.346170751253415e-6	.366497069790689e-6	.398495521368746e-5	.123917909996542e-5	.600758611577015e-6
.170359772518302e-6	.521714319256448e-6	.370630491446167e-6	.332432351675119e-6	.330786554605767e-6	.350082125292819e-6	.370287280538367e-6	.385921088701415e-5	.126400147215672e-5	.600758659511144e-6
.202140244875267e-6	.655071455540039e-6	.369849621043539e-6	.335569633012304e-6	.334535568098200e-6	.353768694470949e-6	.373851280625474e-6	.377995259893542e-5	.128846441619161e-5	.600758701402353e-6
.243480506619632e-6	.852511313440802e-6	.369838369323239e-6	.338638815893589e-6	.338094774497448e-6	.357250590079098e-6	.377209648244407e-6	.450654728854908e-6	.131254388274388e-5	.600758737826173e-6
.299263100559016e-6	.117330942136946e-5	.370358451132682e-6	.341631799570498e-6	.341479807601311e-6	.360545531177725e-6	.380380493590323e-6	.453372636969240e-6	.133621753296262e-5	.600758769345740e-6
.378374592273924e-6	.178258547100309e-5	.371249775441318e-6	.344543643015511e-6	.344704352852187e-6	.363669142853175e-6	.383379784837381e-6	.455916401468824e-6	.135946512515818e-5	.600758796496267e-6
.498869297909551e-6	.463077992201192e-6	.372401442241417e-6	.347371614135856e-6	.347780453014623e-6	.366635233905961e-6	.386221632940568e-6	.458302048694555e-6	.138226874109924e-5	.600758819775849e-6
.703901695414855e-6	.459158003618700e-6	.373734713884268e-6	.350114525207609e-6	.350718753998643e-6	.369456037710668e-6	.388918538583807e-6	.460543651315813e-6	.140461289170744e-5	.600758839640928e-6
.112858615098227e-5	.455906377069258e-6	.375192575584608e-6	.352772268274035e-6	.353528706568773e-6	.372142420387419e-6	.391481605364168e-6	.462653610321061e-6	.142648453317032e-5	.600758856504862e-6
.252423823314076e-5	.453210349224950e-6	.376733093435209e-6	.355345489330852e-6	.356218734203034e-6	.374704060356950e-6	.393920723391095e-6	.464642891972780e-6	.144787301778031e-5	.600758870738692e-6
.489393486300739e-6	.450977365351491e-6	.378325050776997e-6	.357835358809447e-6	.358796374155930e-6	.377149603059505e-6	.396244727240167e-6	.466521227311110e-6	.146876999854612e-5	.600758882673176e-6
.486152304522834e-6	.449131353755179e-6	.379945000248838e-6	.360243409055550e-6	.361268396814060e-6	.379486794235454e-6	.398461531821105e-6	.468297280533458e-6	.148916930243783e-5	.600758892601601e-6
.483286662290691e-6	.447609652895457e-6	.381575222976907e-6	.362571418610331e-6	.363640907172638e-6	.381722594762253e-6	.400578249298790e-6	.469978791490529e-6	.150906678376947e-5	.600758900783015e-6
.480749077531436e-6	.446360504367612e-6	.383202285090416e-6	.364821329348546e-6	.365919431412706e-6	.383863279655095e-6	.402601289793982e-6	.471572696623479e-6	.152846016652444e-5	.600758907445466e-6
.478498741276340e-6	.445341021055109e-6	.384815997228048e-6	.366995186809311e-6	.368108990960554e-6	.385914523483350e-6	.404536448210574e-6	.473085231906232e-6	.154734888226233e-5	.600758912789281e-6
.476500500490577e-6	.444515546314914e-6	.386408651912384e-6	.369095096994159e-6	.370214165970098e-6	.387881474138289e-6	.406388979197971e-6	.474522020730588e-6	.156573390851625e-5	.600758916990102e-6
.474724002352258e-6	.443854330875060e-6	.387974456315742e-6	.371123194931966e-6	.372239149832484e-6	.389768816610424e-6	.408163661961819e-6	.475888149158129e-6	.158361761121798e-5	.600758920201708e-6
.473142974694891e-6	.443332465850638e-6	.389509104878501e-6	.373081621709999e-6	.374187796052111e-6	.391580828194412e-6	.409864856381757e-6	.477188230542831e-6	.160100359361165e-5	.600758922558644e-6
.471734620858312e-6	.442929021297324e-6	.391009453643645e-6	.374972507642133e-6	.376063658615029e-6	.393321426333083e-6	.411496551677187e-6	.478426461184503e-6	.161789655327975e-5	.600758924178516e-6
.470479110428870e-6	.442626349354061e-6	.392473269647340e-6	.376797959922074e-6	.377870026800757e-6	.394994210135232e-6	.413062408676904e-6	.479606668392196e-6	.163430214826411e-5	.600758925164061e-6
.469359150226217e-6	.442409519117883e-6	.393899036418011e-6	.378560053582643e-6	.379609955243740e-6	.396602496451053e-6	.414565796591315e-6	.480732352106006e-6	.165022687278032e-5	.600758925605028e-6
.468359622397545e-6	.442265857024549e-6	.395285801911449e-6	.380260824914337e-6	.381286289929274e-6	.398149351260541e-6	.416009825052971e-6	.481806721036617e-6	.166567794266487e-5	.600758925579782e-6
.467467278626184e-6	.442184571858709e-6	.396633058876790e-6	.381902266730220e-6	.382901690706839e-6	.399637617020940e-6	.417397372078548e-6	.482832724126051e-6	.168066319043464e-5	.600758925156726e-6
.466670481281663e-6	.442156447792604e-6	.397940650237392e-6	.383486325029737e-6	.384458650817364e-6	.401069936526216e-6	.418731108510042e-6	.483813078004607e-6	.169519096965532e-5	.600758924395565e-6
.465958983869618e-6	.442173592248358e-6	.399208693924483e-6	.385014896731695e-6	.385959513858081e-6	.402448773752436e-6	.420013519412345e-6	.484750291012627e-6	.170927006819292e-5	.600758923348416e-6
.465323744421280e-6	.442229228068274e-6	.400437522947453e-6	.386489828230706e-6	.387406488546442e-6	.403776432095629e-6	.421246922835820e-6	.485646684267357e-6	.172290962984459e-5	.600758922060730e-6
.464756766529965e-6	.442317521603690e-6	.401627637473536e-6	.387912914592009e-6	.388801661591930e-6	.405055070351247e-6	.422433486294549e-6	.486504410181884e-6	.173611908380243e-5	.600758920572162e-6
.464250963629379e-6	.442433440014181e-6	.402779666425135e-6	.389285899243509e-6	.390147008939705e-6	.406286716735446e-6	.423575241261403e-6	.487325468781717e-6	.174890808138567e-5	.600758918917293e-6
.463800042844722e-6	.442572632399332e-6	.403894336655824e-6	.390610474056082e-6	.391444405611854e-6	.407473281206720e-6	.424674095939288e-6	.488111722113417e-6	.176128643947756e-5	.600758917126246e-6
.463398405357908e-6	.442731330439347e-6	.404972448185633e-6	.391888279727126e-6	.392695634339444e-6	.408616566310604e-6	.425731846531912e-6	.488864906996486e-6	.177326409011630e-5	.600758915225272e-6
.463041060733782e-6	.442906265058380e-6	.406014854297715e-6	.393120906400236e-6	.393902393150932e-6	.409718276739779e-6	.426750187206935e-6	.489586646333665e-6	.178485103571183e-5	.600758913237219e-6
.462723553073302e-6	.443094596290701e-6	.407022445546828e-6	.394309894467483e-6	.395066302058757e-6	.410780027775686e-6	.427730718918218e-6	.490278459164115e-6	.179605730938805e-5	.600758911181938e-6
.462441897207162e-6	.443293854061977e-6	.407996136923162e-6	.395456735511427e-6	.396188908965837e-6	.411803352755293e-6	.428674957231358e-6	.490941769618124e-6	.180689293998081e-5	.600758909076694e-6
.462192523431651e-6	.443501888023664e-6	.408936857566570e-6	.396562873352103e-6	.397271694896482e-6	.412789709687487e-6	.429584339277695e-6	.491577914910115e-6	.181736792125496e-5	.600758906936431e-6
.461972229528145e-6	.443716824920351e-6	.409845542545506e-6	.397629705170848e-6	.398316078641519e-6	.413740487126894e-6	.430460229945137e-6	.492188152487970e-6	.182749218493637e-5	.600758904774113e-6
.461778139006912e-6	.443937032244994e-6	.410723126309532e-6	.398658582688067e-6	.399323420894901e-6	.414657009398768e-6	.431303927400217e-6	.492773666440896e-6	.183727557718722e-5	.600758902600929e-6
.461607664681956e-6	.444161087159329e-6	.411570537499615e-6	.399650813376305e-6	.400295027948266e-6	.415540541256141e-6	.432116668023285e-6	.493335573254405e-6	.184672783818388e-5	.600758900426526e-6
.461458476822153e-6	.444387749836691e-6	.412388694860529e-6	.400607661693492e-6	.401232155000826e-6	.416392292039983e-6	.432899630828346e-6	.493874926989419e-6	.185585858448638e-5	.600758898259198e-6
.461328475239597e-6	.444615940530627e-6	.413178504048129e-6	.401530350324135e-6	.402136009133983e-6	.417213419403779e-6	.433653941429687e-6	.494392723952419e-6	.186467729391602e-5	.600758896106035e-6
.461215764773164e-6	.444844719792076e-6	.413940855163058e-6	.402420061418588e-6	.403007751993407e-6	.418005032656056e-6	.434380675609713e-6	.494889906915180e-6	.187319329268371e-5	.600758893973098e-6
.461118633706383e-6	.445073271354957e-6	.414676620873972e-6	.403277937822579e-6	.403848502215436e-6	.418768195767574e-6	.435080862535322e-6	.495367368934982e-6	.188141574453534e-5	.600758891865520e-6
.461035534727143e-6	.445300887290119e-6	.415386655018700e-6	.404105084290766e-6	.404659337629769e-6	.419503930083748e-6	.435755487664351e-6	.495825956820024e-6	.188935364170259e-5	.600758889787626e-6
.460965068094121e-6	.445526955092982e-6	.416071791592501e-6	.404902568679571e-6	.405441297266050e-6	.420213216777881e-6	.436405495378320e-6	.496266474279152e-6	.189701579746781e-5	.600758887743043e-6
.460905966723345e-6	.445750946424363e-6	.416732844049249e-6	.405671423115556e-6	.406195383188306e-6	.420896999076139e-6	.437031791373264e-6	.496689684790186e-6	.190441084016976e-5	.600758885734777e-6
.460857082949204e-6	.445972407268681e-6	.417370604855129e-6	.406412645136718e-6	.406922562178045e-6	.421556184281392e-6	.437635244836409e-6	.497096314217131e-6	.191154720849399e-5	.600758883765275e-6
.460817376748905e-6	.446190949310654e-6	.417985845245450e-6	.407127198804723e-6	.407623767284025e-6	.422191645619477e-6	.438216690433123e-6	.497487053202713e-6	.191843314790670e-5	.600758881836519e-6
.460785905248745e-6	.446406242362493e-6	.418579315144371e-6	.407816015786821e-6	.408299899254323e-6	.422804223928714e-6	.438776930125503e-6	.497862559359807e-6	.192507670810492e-5	.600758879950078e-6
.460761813355524e-6	.446618007699122e-6	.419151743214663e-6	.408479996406703e-6	.408951827864421e-6	.423394729210622e-6	.439316734841404e-6	.498223459282352e-6	.193148574136807e-5	.600758878107147e-6
