1.6716585596797955480	3.3490280633734278052	6.7444781463324630399	13.886905702907520407	70.125007843585047314	24.607797846373249496	61.662037206199951244	195.26023954006620021
1.6632749109125236724	3.3322425704938543379	6.7107887923064402877	13.819433899820029777	67.191575344528160806	24.544985623692759125	124.66747091238767715	124.74484063090767276
1.6542493681804842443	3.3141437088002189715	6.6742209163200098765	13.743598631296646377	64.503735527940804125	104.83637813513023273	112.79445289431870059	113.22380788510451757
1.6445038852905050795	3.2945732137149447969	6.6344396626986445376	13.658553411697516407	62.043790189956283258	29.063981262321027694	102.29114042298778842	103.21003689059018109
1.6339489169126057931	3.2733500827093820156	6.5910674467836350601	13.563420339101236396	59.792432545365994975	29.192270098637096901	93.186748398057544479	94.543963918979174529
1.6224815655082941209	3.2502669996877223626	6.5436779938784348021	13.457292742115855962	57.730487389633822274	29.336595250976476627	85.478782467327741632	87.043871026360005428
1.6099835005888603897	3.2250863370285264745	6.4917897676322538515	13.339235711989346568	55.840074347342067702	29.500386316746310733	79.046526139131791659	80.516307119919600316
1.5963187002229444450	3.1975358415841706775	6.4348590293158130990	13.702719792697088472	54.105347894777835541	29.688056982220895425	314.34106575432135728	74.779942736987685543
1.6044615430381589525	3.2196309793477579415	6.5278297315785926580	13.874938287531002676	52.512982877449982815	29.905350935276253968	315.51141715918634948	69.690068573075233517
1.6218026256174890582	3.2547727059583548613	6.6020582097985232962	14.068052646117846972	51.052561696090351424	30.159817076233273686	316.23614623258752716	65.145518525480901149
1.6418133334899417763	3.2953071750383227985	6.6874910492540203793	14.285828214032364897	49.717005443299388720	30.461442728361308476	316.54207753073061612	61.077897350202386044
1.6651014952671358438	3.3424659455331157566	6.7867073456560015675	14.532982220756513561	36.428649199918392369	30.823428774543946839	316.45956051545860214	57.438296435038830424
1.6924478501063998369	3.3978331830174182242	6.9030411601177828172	14.815566912441105079	35.320535550521903408	31.262921723301184950	316.01973140723914277	54.192641437545172990
1.7248595382275129930	3.4634560683603009531	7.0408278566103938328	15.141565950326180819	34.228175781008982576	31.801042959102310973	315.25307606377342980	1086.9356526943037203
1.7636367163732014937	3.5419833450890666350	7.2057209158342718563	15.521789467736049460	45.643970208998905157	32.460692151393849022	264.16751892586881191	1095.6107732375192737
1.8104494178986631553	3.6368272405369593929	7.4050772303124928734	15.971116225057462843	45.010219171176436442	33.261137016779911926	264.16530591194923728	1103.9142407481852182
1.8674126086797262227	3.7523259703127481929	7.6483752176335932458	16.510014385898305965	44.596675966757964052	111.83308306434980918	264.16312349975375415	1111.8663985463320315
1.9371292563556303819	3.8938477651036263612	7.9475575444838096782	17.166057470888476360	44.467221872830395953	107.08859309875618962	264.16098869694686930	1119.4866034674224349
2.0226424387638061868	4.0677186937635948969	8.3170646158178189406	17.974837330944047458	44.711084045588405089	101.99041677173785101	264.15892135455725918	1126.7932044707445835
2.1272073958628460921	4.2807928796600788828	8.7731709035170702377	18.979281037587525139	45.446860072246168886	96.469524440288872098	264.15694449943861202	1133.8035437758809491
2.2537980441209224602	4.5394843825665122622	9.3321855714900448275	20.226084435271440317	46.821567335806993961	90.511235681253147658	264.15508466854464956	1140.5339741437901408
2.4043589014469097367	4.8482660574018690984	10.007394540205219163	21.758368008979404413	48.998235440378655503	84.561056566546218090	264.15337222926393198	1146.9998874594107136
2.5790195186579435484	5.2080550183696753824	10.805460303688468423	23.605471338085838987	52.127456103502211217	80.595175523157437220	264.15184166382180613	1153.2157509533371356
2.7756668876384155891	5.6152801228337439614	11.723894581553228024	25.773554111538756513	56.308667803346689475	79.750932196897122870	264.15053178826868505	1159.1951483056491151
2.9901803070810090805	6.0622707389191958722	12.751118235543162350	28.241782834823235434	61.558656039306339717	80.403594388091754777	264.14948586799532147	1164.9508235696176324
3.2172523490632605476	6.5388501412881794167	13.869172478563640277	30.966216276230066530	67.803213387044216467	81.516441428255049920	264.14875158248393974	1170.4947263856680878
3.4513878982905498109	7.0343307665465517122	15.057601598061196382	33.889023290923341752	74.893029355182010441	82.740835898023671930	264.14838078295728662	1175.8380573640100264
3.6876794920949404237	7.5390939992843674522	16.296777720196686636	36.948500262745577430	82.632580395902073081	83.955796252360575858	283.52297368694703608	1180.9913128263622566
3.9222007521756221092	8.0454156582617946690	17.569815935014994078	40.086586539720755698	90.809711408745273932	85.115556555880762380	280.47053493536976597	1185.9643283351914550
4.1520767959536408344	8.5476399117229175025	18.863164633774599190	43.252981917779186447	99.218890658529378961	86.202372527095393714	277.38481987769853306	1190.7663206197601145
4.3753678756256886356	9.0419692170984797429	20.166366846195917182	46.406533101037529443	107.67625692944941411	87.210000631632506690	274.27597927327332928	1195.4059276450937186
4.5908823609844381133	9.5261035434967254893	21.471468361651697814	49.514966586008155969	116.02738416177065665	88.137219566788315528	271.15354987111338073	1199.8912466728060284
4.7979875941327743075	9.9988687368816678802	22.772375537389978742	52.553843134458408898	124.14963990877969346	88.985066952739290872	268.02646886410485383	1204.2298702393608048
4.9964485130464474645	10.459896364079220423	24.064306575295960517	55.505273754460256065	131.95101226621915181	89.755592436777012061	264.90308331261867227	1208.4289200338336486
5.1863015439293837794	10.909371776756740280	25.343379856570170583	58.356672570643145456	139.36692189733358053	90.451277606951988211	261.79115603430055797	1212.4950786982451074
5.3677610424042524803	11.347845977103646389	26.606332750659757246	61.099660475271730903	146.35611254484209343	91.074765258378247015	258.69786940080042717	1216.4346196026902312
5.5411521796388873709	11.776099601330231288	27.850344879986690345	63.729149138181662065	152.89634103677380225	91.628737143496478273	255.62982838247735671	1220.2534346675998215
5.7068639458023011994	12.195046583823805707	29.072936281446611907	66.242596692772234092	20.757236157678913409	92.115863921150058641	252.59306404122855776	1223.9570603187118678
5.8653168879654794707	12.605666778663721844	30.271914415408102808	68.639412274055830802	20.648003072082430906	92.538789697940324050	249.59303849499186261	1227.5507016683940663
6.0169413911311529203	13.008959103184560405	31.445349857428892054	70.920483820375952961	169.80369338369022730	92.900132149926291453	246.63465217337519457	1231.0392550211440974
6.1621633889648013073	13.405908877605226484	32.591566485708712848	73.087805521843024107	174.57338239591832044	93.202488524361846355	243.72225396269930285	1234.4273288024107125
6.3013952531128728959	13.797464744285098393	33.709137055278270280	75.144184817190153849	178.94279877975476675	93.448442637276453804	240.85965461222953828	1237.7192630091018322
6.4350302594307142939	14.184521857592874619	34.796878916636170338	77.093012502981749113	182.93586762738752898	93.640570532847748732	238.05014355344783769	1240.9191472778721450
6.5634395026277611046	14.567909012126165218	35.853847330279344251	78.938082785477619889	186.57753528078998607	93.781443838356936647	235.29650908189478022	1244.0308376639685958
6.6869704691313439898	14.948378107291569179	36.879325546332105028	80.683452828757708726	189.89290858080671630	93.873630580970731782	232.60106167553705251	1247.0579722194053502
6.8059467172040599654	15.326594904330634767	37.872811803846765196	82.333333548617387210	192.90664024960539973	93.919693615155444118	229.96566008137023788	1250.0039854548035043
6.9206682815004861985	15.703130475422066756	38.834003885844406165	83.892005142769994551	195.64250638766753851	93.922186995916154778	227.39173969672657546	1252.8721217645625486
7.0314125370583268550	16.078453113531169728	39.762782029480617170	85.363752217405029819	198.12313112731640737	93.883650708424115823	224.88034270429544197	1255.6654478902772072
7.1384353401319827679	16.452920789084767998	40.659190972241858551	86.752814444422564906	200.36982196669682339	93.806604177361531438	222.43214938835659325	1258.3868644925822688
7.2419723208896747686	16.826774511826119479	41.523421806847373875	88.063349526478329325	202.40248678373977547	93.693538957613223909	220.04751006027529553	1261.0391168969767002
7.3422402432552592198	17.200133174896211490	42.355794176784152422	89.299405909402084384	204.23960986057275535	93.546910968393347032	217.72647704858738739	1263.6248050747007545
7.4394383752920537014	17.572990602962391110	43.156739203551702101	90.464903203601870121	205.89826945952359145	93.369132585410038295	215.46883625692047061	1266.1463929154522734
7.5337498331361143049	17.945215570667322564	43.926783411810949348	91.563618688746566348	207.39418368905505205	93.162564856107791061	213.27413785530951118	1268.6062168446538269
7.6253428751308289879	18.316555478184976552	44.666533815823274638	92.599178603262702463	208.74177472164972964	92.929510054785549464	211.14172574126820252	1271.0064938341334543
7.7143721322693855927	18.686644157176847199	45.376664250365155500	93.575053180456822473	209.95424402091727919	92.672204749339274239	209.07076548106885948	1273.3493288514637539
7.8009797675604050001	19.055013946142973321	46.057902969487299893	94.494554600661596877	211.04365323733911028	92.392813510445500704	207.06027051477611196	264.25727382053424685
7.8852965613676303157	19.421111760176717844	46.711021493753896227	95.360837194780157949	212.02100695995748985	92.093423357534093260	205.10912647738790402	264.25727368874054845
7.9674429227508071204	19.784318451616546448	47.336824657496216766	96.176899367597459451	212.89633466538140144	91.776039003900956674	203.21611355066100935	264.25727358388202636
8.0475298287841396900	20.143970391144805329	47.936141788998294177	96.945586815989675224	213.67877006830572665	91.442578935604865331	201.37992681443161673	264.25727350346216997
8.1256596950558660606	20.499381961575656639	48.509818945738335444	97.669596702995700504	214.37662671590252182	91.094872335106157833	199.59919461183764396	264.25727344500989686
8.2019271812725615573	20.849867590603909662	49.058712121690903759	98.351482517802292584	214.99746913481037389	90.734656840635427943	197.87249497976494526	264.25727340613639774
8.2764199362560467279	21.194762058782116082	49.583681342578033461	98.993659407349742229	19.857556815503372416	90.363577115723237232	196.19837022447859428	264.25727338457537217
8.3492192867351102557	21.533438073336105140	50.085585566571216809	99.598409810122047043	216.03501743675158654	89.983184189886708976	194.57533974347110778	264.25727337820929917
8.4204008742718751120	21.865320440652519967	50.565278311345756014	100.16788925884492975	216.46367981771603439	89.594935520882711208	193.00191120895108232	264.25727338508442174
8.4900352444729886472	22.189896535955926504	51.023603932885372837	100.70413224795701417	216.83934935545299155	89.200195720942932304	191.47659023707951538	264.25727340341694690
8.5581883923507388257	22.506723101448013593	51.461394486535249232	101.20905808519179858	217.16674357656697304	88.800237883757404754	189.99788867101521160	264.25727343159266783
8.6249222673370875321	22.815429665955363366	51.879467106160141615	101.68447666549439730	217.45015763330825660	88.396245445430315073	188.56433160598699175	264.25727346816187108
8.6902952410221847373	23.115719053253879303	52.278621842644136847	102.13209412067052697	217.69350351564493062	87.989314510958527202	187.17446328182011229	264.25727351183104570
8.7543625401869218359	23.407365534486919511	52.659639908212784386	102.55351831033081570	217.90034563737071965	87.580456577743534675	185.82685196335865743	264.25727356145259000
8.8171766471171682049	23.690211196555278321	53.023282278066803309	102.95026412942126623	218.07393309086965572	87.170601589007169860	184.52009392268839346	264.25727361601343067
8.8787876685084290649	23.964161062782567285	53.370288605530082605	103.32375861538228073	218.21722885504877908	86.760601252508948050	183.25281662951243579	264.25727367462323192
8.9392436734688143509	24.229177434641225543	53.701376411302518760	103.67534584412843519	218.33293622661485730	86.351232563432958528	182.02368124790107133	264.25727373650268030
8.9985910001722242352	24.485273840976650504	54.017240511459208303	104.00629160889309970	218.42352272807256487	85.943201474508819490	180.83138452927199313	264.25727380097217778
9.0568745295606935196	24.732508896697934917	54.318552652553639419	104.31778787978299777	218.49124172781504361	85.537146661151743659	179.67466018312287375	264.25727386744115928
9.1141379230943022723	24.970980294548409137	54.605961325574372417	104.61095704483870406	218.53815198934227451	85.133643334465276669	178.55227979893124028	264.25727393539816147
9.1704238198403727377	25.200819085787013045	54.880091733588134470	104.88685593566129390	218.56613534857928674	84.733207060180323212	177.46305338489680915	264.25727400440170548
9.2257739861167572543	25.422184350068421840	55.141545890696173228	105.14647964237588453	218.57691270087214791	84.336297546860675387	176.40582958192232758	264.25727407407201000
9.2802294083929173977	25.635258311339099105	55.390902832455460568	105.39076512396793373	218.57205846276397338	83.943322371865899893	175.37949560446724445	264.25727414408351907
9.3338303171541718634	25.840241923957043602	55.628718920192637507	105.62059462093605485	218.55301365823832070	83.554640618527241719	174.38297695369223666	264.25727421415820836
9.3866161259259370250	26.037350929812229122	55.855528223686850088	105.83679887782754267	218.52109776483012193	83.170566402683205900	173.41523694264804949	264.25727428405962064
9.4386252656745604249	26.226812371191669143	56.071842968537477439	106.04016018361818939	218.47751944185886712	82.791372271081295527	172.47527606813957668	264.25727435358757445
9.4898948904989450581	26.408861533834745290	56.278154036182792085	106.23141523811380140	218.42338625101338245	82.417292458142308499	171.56213125929457955	264.25727442257348690
9.5404604262359782900	26.583739288621013962	56.474931506013226209	106.41125785262570065	218.35971346856706716	82.048525991181388725	170.67487502875728108	264.25727449087625209
9.5903549299411550644	26.751689797440737803	56.662625230344306041	106.58034149313772454	218.28743207856716281	81.685239637377515053	169.81261454877691873	264.25727455837861808
9.6396082262050206971	26.912958548082978647	56.841665434194365677	106.73928167406320264	218.20739602735371812	81.327570688583738190	168.97449067123436918	264.25727462498400893
9.6882457875109926861	27.067790683722089155	57.012463332864546008	106.88865821050760289	218.12038881165200819	80.975629582486935473	168.15967690780953004	264.25727469061374225
9.7362873325819381976	27.216429594258978767	57.175411761255839007	107.02901733672255451	218.02712946517446811	80.629502360677872701	167.36737838400202483	264.25727475520459652
9.7837451318210769983	27.359115738993338985	57.330885809691466746	107.16087369817307451	217.92827800209461217	80.289252965904707747	166.59683077854301719	264.25727481870668707
9.8306220358650217035	27.496085672595396506	57.479243461753073658	107.28471222435270836	217.82444036984891334	79.954925382183799602	165.84729925784334201	264.25727488108161345
9.8769092849889238295	27.627571248924717000	57.620826230295492923	107.40098988917943696	217.71617295842011483	79.626545622560674708	165.11807741348183772	264.25727494230084530
9.9225842150547725158	27.753798979786298982	57.755959788385778126	107.51013736549533587	217.60398670849821384	79.304123570181724054	164.40848620931912792	264.25727500234431705
9.9676080475708420114	27.874989528143489350	57.884954592425518830	107.61256057988039230	217.48835085664922392	78.987654678983774279	163.71787294360003160	264.25727506119920525
10.011924028696871481	27.991357317578177655	58.008106495168195024	107.70864217367971829	217.36969635179717227	78.677121540763110151	163.04561023035858929	264.25727511885886591
10.055456247961386617	28.103110241878618705	58.125697346741808878	107.79874287583682121	217.24841897389641835	78.372495325675211959	162.39109500354203312	264.25727517532191110
10.098109497514349147	28.210449460536413909	58.237995582136988159	107.88320279282601163	217.12488218259830585	78.073737103366806090	161.75374754650478561	264.25727523059140749
10.139770499330373949	28.313569267648718077	58.345256793927350622	107.96234262068622945	216.99941972096133872	77.780799051976001473	161.13301054887370667	264.25727528467418079
10.180310710360033338	28.412657023257743587	58.447724289256812375	108.03646478387783360	216.87233799678413351	77.493625562175182489	160.52834819223620475	264.25727533758021297
10.219590713923249343	28.507893137528698060	58.545629630361913871	108.10585450541411115	216.74391826192534629	77.212154243293520342	159.93924526564012285	264.25727538932211981
10.257465949693740846	28.599451099382736715	58.639193158099906149	108.17078081246097544	216.61441860798768727	76.936316838357763743	159.36520631150673440	264.25727543991469879
10.293793283472839332	28.687497542277233364	58.728624498128687779	108.23149748135184507	216.48407579495990994	76.666040054645545823	158.80575480223540053	264.25727548937453813
