.22689281688270381586e-6	.46112493678812460822e-6	.98706368693382886051e-6	.28105099505614075960e-5	.68739393023140400821e-6	.19486716628432160440e-3	.16851142199511452132e-4	.50901217090929404615e-5
.18825871224520507062e-6	.38130175502927228913e-6	.80405219234676182197e-6	.20865735472421282656e-5	.67823184560622430898e-6	.41023848510944024168e-4	.17526189796444086481e-5	.16053153369929264450e-5
.16015245272305723401e-6	.32357182379611693592e-6	.67504981027601546579e-6	.16487468637511910575e-5	.66751953876113743514e-6	.19908099033452431661e-5	.17421727092032583400e-5	.16144368816883356909e-5
.13877958948189421109e-6	.27986485565199153717e-6	.57921036353574706017e-6	.13556198076292336147e-5	.65544577796049252575e-6	.51918228550147301403e-5	.17168644727426137413e-5	.16084879232914198810e-5
.12197428470250781765e-6	.24561608817974946458e-6	.50519725376474185208e-6	.11458119191647153229e-5	.64219612879710108737e-6	.42942268577764134137e-5	.16729167110412476320e-5	.15871240600827620312e-5
.10841061112432377464e-6	.21805014242005145522e-6	.44631758871897807388e-6	.98837533346175603467e-6	.62794100721795096571e-6	.36281800408089130215e-5	.16106764399349596541e-5	.15516170881055342186e-5
.97231854527252152344e-7	.19538341656228680420e-6	.39836721658890066822e-6	.86601557144469989690e-6	.61282904508974770299e-6	.31130713625997147127e-5	.15365706760072262865e-5	.15041626435216463285e-5
.87860384624030029406e-7	.17641851837854878791e-6	.35857454153320739223e-6	.71549268210043507426e-6	.59698441190061425875e-6	.27016594803008507511e-5	.15852024972049734642e-5	.14468496691233434441e-5
.79793481383749341126e-7	.15952358351771375416e-6	.31860723955828170306e-6	.63726653656027693365e-6	.58050680534329036502e-6	.23643938566594847420e-5	.16224385201230197052e-5	.13811896579250933021e-5
.72945579046634088580e-7	.14573199061041630090e-6	.29020315238165338307e-6	.57143648006674687609e-6	.56347318175413820617e-6	.20818083392200362427e-5	.16596881062960418326e-5	.13084024850646735089e-5
.66999958381844854370e-7	.13376602444883816013e-6	.26563203520410881245e-6	.51530494370846759699e-6	.54594075452979132300e-6	.18405206492620055542e-5	.16970776933339807744e-5	.12298526902307287359e-5
.61799975961900578118e-7	.12330641048575124801e-6	.24420377565354444075e-6	.46694732972351714310e-6	.19125803755843060600e-5	.16309931384032726139e-5	.17347107042786652697e-5	.11471233049950185459e-5
.57228516152241874330e-7	.11411455994089270920e-6	.22540394127317347203e-6	.42496940010858700579e-6	.17199782490298965057e-5	.14462303381861402968e-5	.17726732424332836258e-5	.10618624497719167675e-5
.53198393343060219732e-7	.10601278913303751761e-6	.20884905301260833424e-6	.38835274151623755451e-6	.15713707215161011775e-5	.12810465989145738964e-5	.18110381799280530272e-5	.11561855993390820335e-5
.49646099127844164568e-7	.98871426836895273049e-7	.19425740099367861970e-6	.35635192887869126832e-6	.47157877855149643734e-6	.11317949462327451634e-5	.52964877398323673152e-6	.11609907135192702029e-5
.46527771530870419398e-7	.92600485235630890905e-7	.18143003945394409035e-6	.32842329315166986741e-6	.45216121052662410798e-6	.99656907580461255837e-6	.52964979216907922099e-6	.11656982649588946635e-5
.43816572067680704276e-7	.87144223307239473561e-7	.17023822740837454311e-6	.30417470922691025586e-6	.43262080482867519135e-6	.55851577460196374122e-6	.52965088796361242491e-6	.11703127961329329363e-5
.41500704052702030492e-7	.82477049540091239833e-7	.16061402008215265436e-6	.28333062626373311483e-6	.41319422750453528972e-6	.56047616531463236897e-6	.52965206608600724708e-6	.11748384638931797355e-5
.39581153249653287269e-7	.78598921504438039059e-7	.15254027565665505963e-6	.26570669052641298164e-6	.39424256621513599674e-6	.56322225733824902699e-6	.52965333123967384199e-6	.11792790808061825985e-5
.38068032627880018110e-7	.75528007824874960630e-7	.14603563210782540618e-6	.25118516287427285343e-6	.37626778024590469795e-6	.56749212185544918556e-6	.52965468800877324809e-6	.11836381512320237726e-5
.36974563144032951189e-7	.73288671230345700688e-7	.14113056569770468058e-6	.23968059002054132554e-6	.35989521364063803370e-6	.57507377954397839948e-6	.52965614072494615613e-6	.11879189029234562980e-5
.36308798754255497218e-7	.71894963500101164877e-7	.13783476528618357634e-6	.23109097190131304576e-6	.34579482949241631369e-6	.59042205679083470616e-6	.52965769329921347657e-6	.11921243147954570625e-5
.36065253065322454198e-7	.71333908314805995814e-7	.13610410606062343714e-6	.22524467034004216240e-6	.33453188851156209861e-6	.61859457573227298963e-6	.52965934901409399013e-6	.11962571414085263571e-5
.36220139017807885489e-7	.71555977007569238178e-7	.13582186777655850010e-6	.22186761787168675634e-6	.32639902779226749327e-6	.65151834978876277960e-6	.52966111027158237092e-6	.12003199346212138075e-5
.36732815060171198524e-7	.72477966689223648029e-7	.13680471171677082318e-6	.22059145470590429056e-6	.32133121059708772711e-6	.68090684669219721210e-6	.52966297829396821493e-6	.12043150627950299680e-5
.37552456773001195291e-7	.73996347751689448086e-7	.13882970849877231226e-6	.22099866152664548874e-6	.31895868509379009647e-6	.70641028571703558610e-6	.52966495277682701662e-6	.12082447278752741993e-5
.38626226182740995142e-7	.76003621000448969937e-7	.14166746020976000896e-6	.22267879039267779671e-6	.31874927240917838139e-6	.72909253539935277652e-6	.52966703149717051249e-6	.12121109806220232481e-5
.39905556432454115580e-7	.78400894099668937786e-7	.14510757918034236086e-6	.22527060441587160303e-6	.32014934919861717914e-6	.74980662157404164664e-6	.24140909234703296896e-5	.12159157342246602952e-5
.41349356185990291703e-7	.81104272500608848689e-7	.14897164686382900992e-6	.22848110169513328776e-6	.32267162688571819064e-6	.76913781932763399866e-6	.24627121630209948153e-5	.12196607764993224359e-5
.42924688324390664318e-7	.84046179959613338448e-7	.15311593673219506908e-6	.23208600558361280792e-6	.32592834593187226117e-6	.78748832993300487443e-6	.25120814057953655837e-5	.12233477808402459160e-5
.44606018218909599013e-7	.87173811785344968801e-7	.15742838369078975615e-6	.23592042707410635761e-6	.32963025151070456491e-6	.80514183750760623899e-6	.25621807009209156886e-5	.12269783160721766773e-5
.46373918770859383319e-7	.90446503911029238326e-7	.16182339902184596661e-6	.23986653589757585622e-6	.33357074669116734113e-6	.82230406932083727495e-6	.26129875009040884404e-5	.12305538553309688793e-5
.48213738488030410209e-7	.93833033379855207573e-7	.16623655110383568423e-6	.24384192403247369054e-6	.33760686837408129120e-6	.83912794533109354085e-6	.26644747893727658705e-5	.12340757840825536544e-5
.50114448951179124948e-7	.97309282530683083746e-7	.17061994753306185234e-6	.24779004213502393798e-6	.34164227296238548214e-6	.85572951015123126241e-6	.27166112681031625756e-5	.12375454073760881756e-5
.52067726719510292844e-7	.10085637536233089247e-6	.17493851029930754302e-6	.25167287927423268925e-6	.34561376418864428357e-6	.87219831808966138648e-6	.27693616040977763542e-5	.12409639564148558236e-5
.54067253330803438535e-7	.10445925181976631130e-6	.17916706384696730602e-6	.25546557412944134821e-6	.34948127225983267938e-6	.88860439775677951890e-6	.28226867348873005409e-5	.12443325945180272972e-5
.56108193907394543245e-7	.10810559997074464368e-6	.18328807886395414881e-6	.25915253194181233222e-6	.35322065433613684339e-6	.90500304743856023099e-6	.28765442277041730564e-5	.12476524225374201461e-5
.58186813265551014239e-7	.11178506340908907538e-6	.18728991996045481845e-6	.26272465734631517732e-6	.21495230927484066654e-5	.92143821657660023729e-6	.29308886858582560791e-5	.12509244837856727028e-5
.60300194523572990098e-7	.11548865396762882705e-6	.19116547590381785512e-6	.26617739221190304657e-6	.22796635125756681855e-5	.93794494204473218246e-6	.29856721936708437849e-5	.12541497685255819896e-5
.62446032855881063832e-7	.11920831562391169408e-6	.19491108259332277483e-6	.26950932627871772091e-6	.36357134151066466429e-6	.95455113785453718940e-6	.30408447898066595904e-5	.12573292180645820374e-5
.64622483923250921945e-7	.12293659971187242177e-6	.19852567375722323534e-6	.27272121289455476359e-6	.36672711109062265092e-6	.97127893332172980879e-6	.30963549578668936176e-5	.12604637284933248487e-5
.66828052000468642999e-7	.12666642298931163407e-6	.20201011173548579633e-6	.27581527083376341179e-6	.36974066240991811559e-6	.98814568999492704773e-6	.31521501227105065178e-5	.12635541541029590664e-5
.69061506961140582798e-7	.13039088883986394295e-6	.20536666232215557991e-6	.27879468841369105074e-6	.37261737367861801511e-6	.10051647862437712509e-5	.32081771411521541641e-5	.12666013105118876660e-5
.71321822308006356501e-7	.13410315838087950695e-6	.20859858542008031789e-6	.28166327107606006194e-6	.37536331948632720481e-6	.10223462313408672676e-5	.32643827763966757705e-5	.12696059775294471254e-5
.73608128620254745687e-7	.13779636299535923837e-6	.21170981871918516454e-6	.28442519108613263105e-6	.37798490296509871131e-6	.10396971528272413551e-5	.33207141467298177585e-5	.12725689017810203459e-5
.75919678352183866646e-7	.14146355319128002010e-6	.21470473571933843567e-6	.28708481020560106671e-6	.38048860888518744590e-6	.10572221886927228028e-5	.33771191404849244026e-5	.12754907991165181717e-5
.78255819034126419467e-7	.14509768097141218780e-6	.21758796272426086147e-6	.28964655471093113177e-6	.38288084058486759557e-6	.10749238074260761777e-5	.34335467910245237562e-5	.12783723568218922168e-5
.80615972725190165845e-7	.14869161421636237769e-6	.22036424220480093613e-6	.29211482808587653648e-6	.38516781500061143174e-6	.10928025730260138022e-5	.34899476072916450504e-5	.12812142356513344998e-5
.82999620140308563126e-7	.15223818201321081501e-6	.22303833229124730548e-6	.29449395090045070719e-6	.38735549789740791987e-6	.11108573677958115094e-5	.35462738572852904444e-5	.12840170716960426341e-5
.85406288286849061944e-7	.15573024944320217027e-6	.22561493416139223055e-6	.29678812034112012776e-6	.38944956681381446826e-6	.11290855826360276283e-5	.36024798035021834356e-5	.12867814781038535447e-5
.87835540744798976303e-7	.15916081914080751817e-6	.22809864077711136327e-6	.29900138395190298109e-6	.39145539299253620629e-6	.11474832822468363988e-5	.36585218908896066387e-5	.12895080466626485410e-5
.90286969941894868429e-7	.16252315509800176496e-6	.23049390181713234581e-6	.30113762364086213670e-6	.39337803618296491383e-6	.11660453509156328222e-5	.37143588891230408280e-5	.12921973492591862996e-5
.92760190933937823479e-7	.16581092197599025776e-6	.23280500078977099872e-6	.30320054707910328800e-6	.39522224803053863671e-6	.11847656232356446323e-5	.37699519920322051871e-5	.12948499392239090628e-5
.95254836317177712653e-7	.16901833099484834564e-6	.23503604122140864931e-6	.30519368439331218036e-6	.39699248105060626287e-6	.12036370030673113291e-5	.38252648777455333788e-5	.12974663525712749034e-5
.97770551985577804751e-7	.17214028178284630803e-6	.23719093953929233583e-6	.30712038861421774180e-6	.39869290108747554527e-6	.12226515732405864057e-5	.38802637336184042392e-5	.13000471091442810946e-5
.10030699350920125845e-6	.17517248886374638340e-6	.23927342283389456954e-6	.30898383875255548393e-6	.40032740179671473609e-6	.12418006978507618812e-5	.39349172502790675629e-5	.52964073134812451676e-6
.10286382295677375611e-6	.17811158209583618401e-6	.24128703012625786095e-6	.31078704467373832322e-6	.40189962013963509492e-6	.12610751184863055793e-5	.39891965892003438322e-5	.52964073145708606884e-6
.10544070601989777578e-6	.18095517245339888009e-6	.24323511610510267164e-6	.31253285316275651997e-6	.40341295219819634835e-6	.12804650453185481306e-5	.40430753281206977523e-5	.52964073156372964971e-6
.10803730932146899514e-6	.18370187784356743307e-6	.24512085655844768312e-6	.31422395473340807777e-6	.40487056884478075195e-6	.12999602436609617690e-5	.40965293884314749434e-5	.52964073166745956547e-6
.11065329780877063288e-6	.18635130767062076908e-6	.24694725492260319594e-6	.31586289085630244496e-6	.40627543096135756210e-6	.13195501163560314319e-5	.41495369483522206995e-5	.52964073176782441246e-6
.11328833214407849948e-6	.18890400891746264592e-6	.24871714952170174211e-6	.31745206136937385074e-6	.40763030401554066432e-6	.13392237821591809664e-5	.42020783453637053132e-5	.52964073186449904901e-6
.11594206601352923437e-6	.19136137994084168125e-6	.25043322118452375419e-6	.31899373190101103947e-6	.16864834883132965411e-4	.13589701501526972654e-5	.42541359709846549946e-5	.52964073195726636402e-6
.11861414327928468603e-6	.19372556048195180660e-6	.25209800101092853378e-6	.32049004118528811760e-6	.41020024984030048604e-6	.13787779901301648930e-5	.43056941605844515291e-5	.52964073204599977302e-6
.12130419490121561204e-6	.19599930736665000698e-6	.25371387812442107207e-6	.32194300818551738255e-6	.41141999676294368637e-6	.13986359988364832193e-5	.43567390805366648402e-5	.52964073213064703994e-6
.12401183555278877975e-6	.19818586508627421531e-6	.25528310729543057097e-6	.32335453896964624228e-6	.41259912644416806277e-6	.14185328619235778778e-5	.44072586146492824794e-5	.52964073221121575933e-6
.12673665985179173962e-6	.20028883920193352612e-6	.25680781635568952826e-6	.32472643330126101414e-6	.41373961814853072418e-6	.14384573114814127445e-5	.44572422514651318524e-5	.52964073228776063726e-6
.12947823812008145030e-6	.20231207869481122913e-6	.25829001335068490845e-6	.32606039092490581480e-6	.41484332638006943904e-6	.14583981790222914665e-5	.45066809737152898083e-5	.52964073236037257086e-6
.13223611157773438638e-6	.20425957137844925168e-6	.25973159339678367296e-6	.32735801753539243709e-6	.41591198992384199463e-6	.14783444438286249094e-5	.45555671509317130986e-5	.52964073242916943480e-6
.13500978686580169479e-6	.20613535460118256449e-6	.26113434522403903234e-6	.32862083042875383649e-6	.41694724020226703813e-6	.14982852766157734232e-5	.46038944359834082544e-5	.52964073249428843009e-6
.13779872977832234416e-6	.20794344189044991563e-6	.26249995739616524609e-6	.32985026383822102184e-6	.41795060899148538646e-6	.15182100785082588642e-5	.46516576660922570856e-5	.52964073255587982364e-6
.14060235806835125202e-6	.20968776500982381014e-6	.26383002420671197573e-6	.33104767396263935426e-6	.41892353554269752942e-6	.15381085153761879676e-5	.46988527687081977567e-5	.52964073261410189890e-6
.14342003317465896924e-6	.21137213011494649275e-6	.26512605125581635960e-6	.33221434369750737465e-6	.41986737315219361190e-6	.15579705476263542307e-5	.47454766724762759735e-5	.52964073266911694279e-6
.14625105069580218498e-6	.21300018625467661495e-6	.26638946071562137141e-6	.33335148708063854012e-6	.42078339522192819287e-6	.15777864555870102864e-5	.47915272234072279157e-5	.52964073272108810601e-6
.14909462941714462656e-6	.21457540429331141831e-6	.26762159629494369636e-6	.33446025346555558420e-6	.42167280085025389056e-6	.15975468606651195480e-5	.48370031062657112006e-5	.52964073277017698983e-6
.15194989867536920026e-6	.21610106435008582146e-6	.26882372791537006433e-6	.33554173143631216258e-6	.42253671998999242136e-6	.16172427424889223995e-5	.48819037711130669700e-5	.52964073281654183064e-6
.15481588382614265099e-6	.21758024999349583320e-6	.26999705611189580863e-6	.33659695247763629182e-6	.42337621820851187441e-6	.16368654522762704081e-5	.49262293648817174035e-5	.52964073286033617041e-6
.15769148956718411199e-6	.21901584763492373873e-6	.27114271617167214221e-6	.33762689441421052388e-6	.42419230108197994889e-6	.16564067226901691677e-5	.49699806678133267298e-5	.52964073290170791808e-6
.16057548086612904576e-6	.22041054979833009932e-6	.27226178202453330032e-6	.33863248463262493386e-6	.42498591825353092974e-6	.16758586744574260695e-5	.50131590345602736157e-5	.52964073294079872311e-6
.16346646125782166254e-6	.22176686117369564713e-6	.27335526989883160764e-6	.33961460309912144898e-6	.42575796718275581347e-6	.16952138200345734194e-5	.50557663397276535404e-5	.52964073297774359429e-6
.16636284831990255009e-6	.22308710657545655545e-6	.27442414175579258532e-6	.34057408518573753850e-6	.42650929661172223231e-6	.17144650646078618373e-5	.50978049276190690760e-5	.52964073301267070960e-6
.16926284622400390875e-6	.22437344011524249465e-6	.27546930851516915351e-6	.34151172431688816263e-6	.42724070977066540712e-6	.17336057047117463125e-5	.51392775659422437007e-5	.52964073304570137342e-6
.17216441541304142961e-6	.22562785505797978518e-6	.27649163308446510974e-6	.34242827444782278976e-6	.42795296734456787200e-6	.17526294247436373848e-5	.51801874032286165164e-5	.52964073307695008435e-6
.17506523969944772747e-6	.22685219396236313383e-6	.27749193320344380258e-6	.34332445238577822965e-6	.42864679022006377808e-6	.17715302916425053050e-5	.52205379297233610493e-5	.52964073310652468526e-6
.17796269144678640411e-6	.22804815881319210989e-6	.27847098411506052837e-6	.34420093996403189482e-6	.42932286203045950264e-6	.17903027479859360750e-5	.52603329415077335644e-5	.52964073313452657259e-6
.18085379602338106067e-6	.22921732093734360266e-6	.27942952107337276931e-6	.34505838607845392727e-6	.42998183151515021343e-6	.18089416037451365409e-5	.52995765076234763718e-5	.52964073316105094672e-6
.18373519743416895621e-6	.23036113056067409582e-6	.28036824169840246806e-6	.34589740859556747136e-6	.43062431470832480258e-6	.18274420269208054170e-5	.53382729399785080902e-5	.52964073318618708901e-6
.18660312796454598593e-6	.23148092591324266826e-6	.28128780818735715859e-6	.34671859614055906364e-6	.43125089697058134612e-6	.18457995332652933463e-5	.53764267658237808208e-5	.52964073321001865450e-6
.18945338579237100737e-6	.23257794182791187394e-6	.28218884939106743570e-6	.34752250977313876807e-6	.43186213487591380898e-6	.18640099752785577787e-5	.54140427026025363380e-5	.52964073323262397209e-6
.19228132576391566567e-6	.23365331780520197706e-6	.28307196276397053040e-6	.34830968455863416037e-6	.43245855796546996407e-6	.18820695306474908962e-5	.54511256349849031642e-5	.52964073325407634516e-6
.19508186971052894795e-6	.23470810553740518529e-6	.28393771619546584168e-6	.34908063104121444774e-6	.43304067037851248220e-6	.18999746902805997786e-5	.54876805939125729685e-5	.52964073327444434852e-6
.19784954349772369922e-6	.23574327589917694301e-6	.28478664972998930188e-6	.34983583662568109968e-6	.43360895237013228838e-6	.19177222460730161281e-5	.55237127374899701347e-5	.52964073329379211730e-6
.20057854799797150002e-6	.23675972542152907685e-6	.28561927718269982099e-6	.35057576687382903591e-6	.43416386172445836975e-6	.19353092785206129169e-5	.55592273335697262785e-5	.52964073331217962659e-6
.20326286981679990971e-6	.23775828227247625247e-6	.28643608765724262607e-6	.35130086672097698767e-6	.43470583507137453756e-6	.19527331442867552965e-5	.55942297438912776094e-5	.52964073332966295850e-6
.20589643437330599622e-6	.23873971177140887912e-6	.28723754697165057278e-6	.35201156161788618278e-6	.43523528911408493222e-6	.19699914638110117603e-5	.56287254096419370465e-5	.52964073334629455714e-6
.20847329861904241910e-6	.23970472146625903911e-6	.28802409899806468746e-6	.35270825860293189447e-6	.43575262177426052947e-6	.19870821090360559940e-5	.56627198383198017727e-5	.52964073336212346978e-6
.21098787363846189680e-6	.24065396580320872223e-6	.28879616692159836169e-6	.35339134730906143849e-6	.43625821326094324548e-6	.20040031913170226385e-5	.56962185917873087778e-5	.52964073337719557491e-6
.21343515978779450495e-6	.24158805041845350538e-6	.28955415442333472532e-6	.35406120090976363094e-6	.43675242706887756340e-6	.20207530495667361193e-5	.57292272754131311560e-5	.52964073339155379622e-6
.21581097083257357663e-6	.24250753608067372494e-6	.29029844679213267550e-6	.35471817700798726089e-6	.43723561091147746738e-6	.20373302386804837207e-5	.57617515282084146178e-5	.52964073340523830390e-6
.21811212093542566467e-6	.24341294231159726346e-6	.29102941196962271864e-6	.35536261847167850314e-6	.43770809759321479606e-6	.20537335182753086792e-5	.57937970138710949056e-5	.52964073341828670248e-6
.22033655091974640885e-6	.24430475071052335117e-6	.29174740153249808094e-6	.35599485421935816072e-6	.43817020582583022767e-6	.20699618417711007805e-5	.58253694126592278187e-5	.52964073343073420692e-6
