9.3845196702800974219	10.689307592525557096	12.154705871093188639	13.791906086757829098	15.609486781206218371	17.611998195204115655	2444.7720051772898239	1100.6601406191827951	677.83213759867481248	483.05129263540462945	376.64626252217424364	312.79543155984764125	272.55433979144094530	246.99771230700433705	231.57548800283471898	223.74504647408696463	221.64822896706187588	223.29022752355955941	226.47486615021254634	229.45544954141490061	231.43808765122496440	232.43547041006614217	232.80599204006843251	232.89532076614048557	232.90181385224983539	232.89769190718981267	232.89607524351221002	232.89584140879530516	232.89583510986551726	232.89583668596873032
9.1359697298545404198	10.405811927298857484	11.831508764486784589	13.423540405807681002	15.189592351897784755	17.133079476571519410	19.251486239966959285	1119.3303681131086768	676.89867394403315559	479.68588611643031945	373.97877091788821731	311.51857348613662361	272.82425332377733730	248.81812552020737555	234.81510659005494161	228.03071550014707851	226.30685436260712898	227.54839265685075779	229.84387943677211160	231.90304559642577231	233.22542828993055768	233.87049510781995499	234.10459732664205531	234.16166024497097233	234.16772153850048886	234.16642632159602263	234.16581532401153619	234.16572444912075221	234.16572060330237777	234.16572090543136007
8.8829329351150752586	10.117238240686882243	11.502658619672954903	13.049046428193207013	14.763332451386027711	16.648006783397196576	18.699417154228708734	1173.3048361468032323	692.12077509819307364	486.29699590601580164	378.44002624929382934	315.81756138985705650	277.73206611139911406	254.65162186464983658	241.59999656854467549	235.50279569828579279	233.96924502579062633	234.89147419613944603	236.59084637429697095	238.06564493976936701	238.97977845115163598	239.40939433895824150	239.55960868400558406	239.59536322493439912	239.59957462049984803	239.59916590959417286	239.59892521393528151	239.59889023545843644	239.59888862114436187	239.59888868073639387
8.6344858612932038862	9.8337575556023308257	11.179475776745736921	12.680917102169473126	14.344351006078721704	16.171495671882443268	18.157790252164075921	1261.0706385173561051	721.66918171399005464	501.77141176150644893	389.38654292011031753	325.34710702149354261	287.13364908787467208	264.50252457542144554	252.06274878115330476	246.42058457165412709	244.99301402293603222	245.68436531215631273	246.98811684673648745	248.08819670675149166	248.74585046115426140	249.04222139270252137	249.14109869970656502	249.16358038509953902	249.16622878768473475	249.16608627314150097	249.16598418685368243	249.16597030716630857	249.16596969613671751	249.16596970984587067
8.3973399687733350278	9.5629138274898394919	10.870381689956996624	12.328468771409348044	13.942834741059794995	15.714521506166958964	17.638217593659017960	1382.1316662456890272	764.06889579536514850	525.20355490829904818	406.29715563702744732	339.82978897221454704	300.91518788030543000	278.37640366675559564	266.30802101255253806	260.97502465958969199	259.62055666907575136	260.15768286711572475	261.20096323920460659	262.05751034692796042	262.55064023767255206	262.76294309939952523	262.83006471672691465	262.84442922498321705	262.84603101646487473	262.84596733027248046	262.84591999288949969	262.84591420061717128	262.84591397527806187	262.84591397935476746
8.1757601338126111458	9.3095227307013122633	10.580777536928275109	11.997703036618793857	13.565368201100112644	15.284186885619031091	17.148192848194400399	1535.9073906762265333	817.89366699564335127	555.76858887260820762	428.70844139942186553	359.01953574527083166	318.97104950383661992	296.26601635041246275	284.40477704719925206	279.29280404571532108	278.00416476566663925	278.44735555181167798	279.32026696961722775	280.01570890050393666	280.40043318186067362	280.55819278889563276	280.60522718698049941	280.61460400063407577	280.61555848561731178	280.61551972543959814	280.61549579029096737	280.61549323603927916	280.61549315291148243	280.61549315445601240
7.9718457957642362042	9.0759749373235739733	10.313368366259532703	11.691651047791690532	13.215299553014243931	14.884114697739352827	16.691524214692757642	18.622990770625914672	881.57550266733406830	592.65010446658781733	456.17748989907180371	382.68007453824845515	341.19089777042783924	318.14425122119859334	306.38515632240911384	301.44498864601523049	300.22718172423664086	300.62161056991835926	301.38378644697992457	301.97014997954382714	302.28106344190551945	302.40220523948471726	302.43614521165663367	302.44240136442610735	302.44296625071839567	302.44293752382625158	302.44292451737421425	302.44292333310261224	302.44292330234782673	302.44292330302394074
7.7860163304268182811	8.8627716071196485474	10.068748495281659182	11.411007039443307141	12.893419258246575876	14.515168760649622585	16.269095557271802704	18.140160475936180550	953.31992604855166950	635.01330665600992437	488.26758402812317697	410.57661487385431142	367.45554833685247838	343.96371189668138855	332.24868136671764697	327.45805948968844457	326.32187472939901265	326.70058828090875996	327.39129777456758728	327.90159219664840424	328.16030715839693020	328.25591222781170094	328.28102099326426154	328.28527593120260807	328.28560759661058985	328.28558478794532058	328.28557732960287941	328.28557675782622264	328.28557674655752631	328.28557674687301802
7.6175416780211424659	8.6691153824027564810	9.8460542632478316847	11.154841989162945241	12.598731030251540205	14.176275650693379980	15.879730583073781734	2164.7174292451480208	1031.1189896827401944	682.01245632109369367	524.55012764184784133	442.47686528606126204	397.63898439375623624	373.66074462375639217	361.96940652297451630	357.32530358060663182	356.28420638857306125	356.67108633732631511	357.31602728112029239	357.77129325613506104	357.99153207773050771	358.06861599746665847	358.08755991298455742	358.09049733236036640	358.09068903823438256	358.09067078730435956	358.09066634860691519	358.09066606422673318	358.09066606025165505	358.09066606040233065
7.4650095212915534163	8.4934340418549927826	9.6435466554609052981	10.921245703255996160	12.329151021666994323	13.865175058888102153	15.326407733815076025	17.365317331595989547	1112.8451625508740891	732.81948755685332134	564.61549655927228480	478.15693327784850724	431.61342866193383374	407.16135971763591993	395.50372380625062856	391.01702888312232461	390.08554459767628183	390.49764883576553867	391.11342091466501538	391.52710078423252050	391.71774291918625080	391.78087769565026226	391.79537741932430584	391.79742586536838738	391.79753334931210680	391.79751891765736763	391.79751621193703016	391.79751606771431048	391.79751606644331351	391.79751606651567772
7.3266809632254309750	8.3337812145479081351	9.4590598512244054002	10.508820556136401864	11.980538170463289926	13.631322373575289455	15.467168930369864787	17.484412271390040597	1196.3971011731147582	786.66088950366667757	608.08649628659357981	517.40844266263863008	469.25497494091502732	444.38711314450999329	432.79732153234063153	428.48882758027510933	427.68151263729988712	428.13074029160632396	428.72776768356850872	429.10843489711531685	429.27535608806858754	429.32762260392922971	429.33882776772895046	429.34026379554935058	429.34032069507139970	429.34030946819277148	429.34030779523654279	429.34030772132948536	429.34030772102284117	429.34030772105751168
7.2007315602913341824	8.1649591512761486747	9.3257004392001834695	10.638256846246297860	12.114975697416946086	13.764648760245270749	15.589376771232013642	17.580215723738634005	1279.8599855810446219	842.85223929217846125	654.63007345923833457	560.04455357016858443	510.44829348850516864	485.25989713212762308	473.79062821102851265	469.68774885831534400	469.01837891317184600	469.51259788866717756	470.09705032897979974	470.45013724024860222	470.59733366695485416	470.64088697591129349	470.64959378953606139	470.65060112338609523	470.65062795610764217	470.65061936362421270	470.65061832183585051	470.65061828387261870	470.65061828387746228	470.65061828389396236
7.0853975356149796364	8.0544353161337011424	9.1350752449953790540	10.758872103981971968	12.238323000110869677	13.883946944992660499	15.693865440468646382	16.209491682430247939	1361.6436383987857189	900.82342232451791296	703.96502420464312579	605.90384686782148364	555.08981686009573747	529.70530259551777617	518.42266200081010847	514.55662040872990087	514.03748424597918902	514.58129224895438576	515.15637210046141841	515.48528328259149301	515.61556810485258034	515.65197710646424267	515.65875657151688536	515.65946053713868491	515.65946991115973570	515.65946343472362967	515.65946278471375571	515.65946276531205527	515.65946276539289516	515.65946276540067252
6.9790533339902214574	7.9309307106739954814	8.9913138336482968452	10.871323600971772404	12.351343617362926043	13.990132122895741374	15.781789406726268793	17.707134782507482964	1440.5718189660137122	960.13150092653911818	755.86513087555331234	654.85193386138234039	603.08939142089322537	577.65463974186804246	566.63350881796558474	563.03690593975810684	562.67819833255192966	563.27345967819001930	563.84029015380251174	564.14713346554477018	564.26257353989018309	564.29302749784210749	564.29830229543479774	564.29879030681966738	564.29878998029541843	564.29878516792696832	564.29878476313302373	564.29878475334087961	564.29878475342077722	564.29878475342439923
7.4166817202880715199	8.4653585004936806174	8.8571912985516537217	10.006911609526576696	12.454956806786638911	14.084284796656557253	15.854474426144216240	17.741519332041530230	1515.9120412829516046	1020.4614746902837290	810.15824149783992058	706.78114366306782769	654.37066348842958415	629.04588594463457944	618.36575151181776603	615.07049144851335430	614.87982757558783432	615.52608587154948385	616.08434614203730914	616.37042082849341351	616.47261251823701664	616.49804787551150740	616.50213942344709694	616.50247350763325772	616.50246822080309003	616.50246469268251399	616.50246444181892174	616.50246443697926391	616.50246443703914580	616.50246443704080856
7.5011270223363493823	8.5567171657827635840	8.7310977414335550165	9.8591526996873462162	12.550160624054566608	14.167562480734601612	15.913316499418392818	17.758862139440607682	1587.3509410996097736	1081.6173093949421219	866.72232551009005257	761.60882334267791192	708.87055344830697374	683.82386505595163376	673.56516144788860475	670.60073278532658427	670.58280501101892031	671.27763434091711949	671.82602993549918167	672.09215608916744295	672.18239952859227494	672.20357840898717369	672.20673635474201102	672.20696104871599913	672.20695364528412322	672.20695109170216021	672.20695093735471117	672.20695093503803689	672.20695093507797536	672.20695093507872590
7.5831033952272402099	730.59126901705825876	730.94139787898813942	731.15767140603522017	731.27182864562028298	731.32351290282415789	731.34338425980622031	731.34972213419834230	731.35132345141697305	731.35161076703290937	731.35163311889136467	731.35162713951389471	731.35162437291786640	731.35162379854950817	731.35162372723666730	731.35162372243795252	731.35162372240163401	731.35162372242296660	731.35162372242458551	731.35162372242462701	0	0	0	0	0	0	0	0	0	0
792.68701064674885167	793.16454922420695730	793.50455503577636596	793.70720948543868339	793.81059071557037465	793.85576492681696269	793.87246746736087378	793.87755676953911905	793.87876934728882315	793.87896722058225464	793.87897735448414604	793.87897178790980079	793.87896972439995856	793.87896934022369321	793.87896929740074706	793.87896929495644442	793.87896929497351898	793.87896929498620831	793.87896929498698565	793.87896929498700103	0	0	0	0	0	0	0	0	0	0
858.58481802653366209	859.06578961921922096	859.39418438948771826	859.58314239921615786	859.67630420183872040	859.71558343292117335	859.72954138096323268	859.73359949686568223	859.73450843815080354	859.73464157998307455	859.73464421855911325	859.73463934944127333	859.73463783449066735	859.73463758040516351	859.73463755503954020	859.73463755384169738	859.73463755387128479	859.73463755387857200	859.73463755387893729	859.73463755387894261	0	0	0	0	0	0	0	0	0	0
927.76299941719648389	928.24382139553940734	928.55916342525426402	928.73440783875264009	928.81790990447858498	928.85186943644863980	928.86345957758446548	928.86667016752905285	928.86734354838103140	928.86743043653864405	928.86742874770352332	928.86742466595103844	928.86742356997226130	928.86742340390355124	928.86742338911386106	928.86742338855893455	928.86742338858600370	928.86742338859006832	928.86742338859023597	928.86742338859023760	0	0	0	0	0	0	0	0	0	0
1000.1733507129379254	1000.6504070724073321	1000.9513820638981633	1001.1129896878281168	1001.1874072783130962	1001.2165895684826820	1001.2261475828059588	1001.2286658451470142	1001.2291579953122764	1001.2292123585913607	1001.2292084205171417	1001.2292051060402950	1001.2292043241638407	1001.2292042169664568	1001.2292042084994866	1001.2292042082646785	1001.2292042082851982	1001.2292042082874076	1001.2292042082874825	1001.2292042082874829	0	0	0	0	0	0	0	0	0	0
1075.7704421437774745	1076.2402120654658425	1076.5256908724466440	1076.6738496871626313	1076.7397769484709105	1076.7646942214215481	1076.7725188894003136	1076.7744756194083963	1076.7748296918817937	1076.7748616371955233	1076.7748567707129378	1076.7748541470094799	1076.7748535966949776	1076.7748535284044740	1076.7748535236602970	1076.7748535235771050	1076.7748535235912412	1076.7748535235924137	1076.7748535235924462	1076.7748535235924462	0	0	0	0	0	0	0	0	0	0
1154.5115863961940048	1154.9707504728158309	1155.2398269215935696	1155.3748409169129031	1155.4328882891992062	1155.4540227036831945	1155.4603789627904356	1155.4618838595093338	1155.4621339004227506	1155.4621507804372333	1155.4621457872155252	1155.4621437543880708	1155.4621433721489467	1155.4621433292499030	1155.4621433266595627	1155.4621433266428331	1155.4621433266519968	1155.4621433266526047	1155.4621433266526183	1155.4621433266526182	0	0	0	0	0	0	0	0	0	0
1236.3567920593387648	1236.8023163715323708	1237.0543282043575248	1237.1766131753288642	1237.2274012664086886	1237.2452039439541896	1237.2503253836944915	1237.2514698666468204	1237.2516425148571769	1237.2516496006579897	1237.2516449333466491	1237.2516433875970302	1237.2516431255675760	1237.2516430990220662	1237.2516430976526485	1237.2516430976612392	1237.2516430976669225	1237.2516430976672304	1237.2516430976672358	1237.2516430976672357	0	0	0	0	0	0	0	0	0	0
1321.2687088801286584	1321.6979076563080556	1321.9324434210355244	1322.0425164287991756	1322.0866680707276681	1322.1015578107749802	1322.1056489403459021	1322.1065086225226968	1322.1066245202940499	1322.1066255237726994	1322.1066214065698768	1322.1066202509139599	1322.1066200736470974	1322.1066200574881462	1322.1066200567942375	1322.1066200568095606	1322.1066200568129634	1322.1066200568131156	1322.1066200568131176	1322.1066200568131176	0	0	0	0	0	0	0	0	0	0
1409.2125686210415063	1409.6231467635754271	1409.8400412980396393	1409.9385059954967744	1409.9766377122911193	1409.9889998954571515	1409.9922383560148319	1409.9928752516465075	1409.9929502201805278	1409.9929476986113682	1409.9929442116198877	1409.9929433610294621	1409.9929432427054412	1409.9929432330457961	1409.9929432327146906	1409.9929432327292551	1409.9929432327312322	1409.9929432327313056	1409.9929432327313062	1409.9929432327313062	0	0	0	0	0	0	0	0	0	0
1500.1561237160160352	1500.5462009461830886	1500.7455219287232887	1500.8330515259817202	1500.8657652633473880	1500.8759512189840000	1500.8784900114619308	1500.8789545188266383	1500.8790005366378517	1500.8789962040688850	1500.8789933412804829	1500.8789927244114557	1500.8789926465142682	1500.8789926408567554	1500.8789926407132251	1500.8789926407246869	1500.8789926407258051	1500.8789926407258395	1500.8789926407258397	1500.8789926407258397	0	0	0	0	0	0	0	0	0	0
1594.0695849986433802	1594.4377037242127353	1594.6197315621775499	1594.6970508399975784	1594.7249265166158308	1594.7332534761174884	1594.7352232156794330	1594.7355558952132634	1594.7355819083778806	1594.7355768731396949	1594.7355745813660433	1594.7355741403097218	1594.7355740897586056	1594.7355740865226231	1594.7355740864711499	1594.7355740864793352	1594.7355740864799520	1594.7355740864799675	1594.7355740864799675	1594.7355740864799675	0	0	0	0	0	0	0	0	0	0
1690.9255592656217726	1691.2706784968771777	1691.4358815986612407	1691.5037490582487207	1691.5273382742841489	1691.5340899285563427	1691.5356011042870890	1691.5358342631427340	1691.5358468512294094	1691.5358417950321845	1691.5358399992395431	1691.5358396882336479	1691.5358396559218131	1691.5358396541226176	1691.5358396541129043	1691.5358396541183965	1691.5358396541187284	1691.5358396541187351	1691.5358396541187351	1691.5358396541187351	0	0	0	0	0	0	0	0	0	0
1790.6989871676918475	1791.0204649057699974	1791.1694721341018441	1791.2286630932545647	1791.2484841619868182	1791.2539117762565498	1791.2550569800772875	1791.2552160713104948	1791.2552199895474958	1791.2552153007050714	1791.2552139198073668	1791.2552137034987105	1791.2552136831771973	1791.2552136822116999	1791.2552136822184493	1791.2552136822219703	1791.2552136822221445	1791.2552136822221473	1791.2552136822221472	1791.2552136822221472	0	0	0	0	0	0	0	0	0	0
1893.3670817844818607	1893.6646482950008594	1893.7982201389662790	1893.8495113450275389	1893.8660456877888457	1893.8703696891974101	1893.8712257746120241	1893.8713306193823117	1893.8713292353224312	1893.8713251062957658	1893.8713240623940082	1893.8713239140100133	1893.8713239014527212	1893.8713239009584733	1893.8713239009697774	1893.8713239009719537	1893.8713239009720429	1893.8713239009720440	1893.8713239009720440	1893.8713239009720440	0	0	0	0	0	0	0	0	0	0
1998.9092681748065279	1999.1829924594591938	1999.3019922002584409	1999.3461483276656602	1999.3598381824251962	1999.3632501177694405	1999.3638802523198179	1999.3639460950515267	1999.3639417361262243	1999.3639382336426990	1999.3639374568850365	1999.3639373565144681	1999.3639373489052318	1999.3639373486689768	1999.3639373486798102	1999.3639373486811141	1999.3639373486811584	1999.3639373486811588	1999.3639373486811588	1999.3639373486811588	0	0	0	0	0	0	0	0	0	0
2107.3071241623485672	2107.5573757723349731	2107.6627416624587522	2107.7005038949718471	2107.7117512281222363	2107.7144159847319849	2107.7148715668334366	2107.7149099751326443	2107.7149042017793177	2107.7149013161639919	2107.7149007467829193	2107.7149006798644022	2107.7149006753549274	2107.7149006752542236	2107.7149006752629027	2107.7149006752636622	2107.7149006752636837	2107.7149006752636838	2107.7149006752636838	2107.7149006752636838	0	0	0	0	0	0	0	0	0	0
2218.5443225972668463	2218.7717307153715358	2218.8644499505620172	2218.8965267132170525	2218.9056931865453104	2218.9077513740450274	2218.9080737930987828	2218.9080934157911261	2218.9080872331874252	2218.9080849121823335	2218.9080845008008463	2218.9080844568542118	2218.9080844542505485	2218.9080844542171211	2218.9080844542234484	2218.9080844542238793	2218.9080844542238892	2218.9080844542238892	2218.9080844542238892	2218.9080844542238892	0	0	0	0	0	0	0	0	0	0
2332.6065753162744817	2332.8119867873963276	2332.8930718313184837	2332.9201316320298841	2332.9275394574607400	2332.9291098586133688	2332.9293320856119660	2332.9293392832986593	2332.9293333031232746	2332.9293314743352375	2332.9293311812887418	2332.9293311528868813	2332.9293311514306498	2332.9293311514277934	2332.9293311514321313	2332.9293311514323695	2332.9293311514323740	2332.9293311514323740	2332.9293311514323740	2332.9293311514323740	0	0	0	0	0	0	0	0	0	0
2449.4815790023535948	2449.6660167311776025	2449.7364843580905816	2449.7591506204980021	2449.7650841296576488	2449.7662661420567850	2449.7664141455036211	2449.7664135084608812	2449.7664080705375490	2449.7664066557163252	2449.7664064498852674	2449.7664064318441894	2449.7664064310623508	2449.7664064310712687	2449.7664064310741106	2449.7664064310742389	2449.7664064310742408	2449.7664064310742408	2449.7664064310742407	2449.7664064310742407	0	0	0	0	0	0	0	0	0	0
2569.1589631192315545	2569.3235859915157032	2569.3844392445455797	2569.4032869588078456	2569.4079947190947236	2569.4088707242864303	2569.4089647127107899	2569.4089594808229936	2569.4089547430227467	2569.4089536666057265	2569.4089535240736884	2569.4089535128296581	2569.4089535124329977	2569.4089535124447220	2569.4089535124465167	2569.4089535124465839	2569.4089535124465847	2569.4089535124465847	2569.4089535124465847	2569.4089535124465847	0	0	0	0	0	0	0	0	0	0
2691.6302400655854207	2691.7763052964702455	2691.8285184189628890	2691.8440724022900247	2691.8477697228788615	2691.8484073342407602	2691.8484628317287787	2691.8484552305442802	2691.8484512339488562	2691.8484504276933493	2691.8484503304194268	2691.8484503235600602	2691.8484503233756972	2691.8484503233864309	2691.8484503233875292	2691.8484503233875634	2691.8484503233875636	2691.8484503233875636	2691.8484503233875636	2691.8484503233875636	0	0	0	0	0	0	0	0	0	0
2817.1842205070234346	2817.1092417257474472	2817.0854817857068263	2817.0793936249108180	2817.0782474724416560	2817.0781379549592048	2817.0781557286378049	2817.0781663040655993	2817.0781688187895294	2817.0781691900197259	2817.0781692242683758	2817.0781692258538960	2817.0781692258302601	2817.0781692258226663	2817.0781692258222662	2817.0781692258222586	2817.0781692258222587	2817.0781692258222587	2817.0781692258222587	2817.0781692258222587	0	0	0	0	0	0	0	0	0	0
2945.1844612915277217	2945.1192160382692940	2945.0990706570612925	2945.0940779354352199	2945.0931845054707971	2945.0931112277901134	2945.0931283927392656	2945.0931369358084277	2945.0931388300511868	2945.0931390924245169	2945.0931391148285919	2945.0931391157224742	2945.0931391156970532	2945.0931391156921842	2945.0931391156919616	2945.0931391156919580	2945.0931391156919582	2945.0931391156919582	2945.0931391156919582	2945.0931391156919582	0	0	0	0	0	0	0	0	0	0
3075.9684743470865842	3075.9118988037523956	3075.8948919346998279	3075.8908211933638912	3075.8901316396768346	3075.8900852701586846	3075.8901012575483297	3075.8901081067819948	3075.8901095243514379	3075.8901097083421468	3075.8901097228215078	3075.8901097233047517	3075.8901097232822971	3075.8901097232792300	3075.8901097232791081	3075.8901097232791066	3075.8901097232791066	3075.8901097232791066	3075.8901097232791066	3075.8901097232791066	0	0	0	0	0	0	0	0	0	0
3209.5345264214096742	3209.4856429684842299	3209.4713490070240451	3209.4680499834584034	3209.4675236138731736	3209.4674968330299306	3209.4675113194954133	3209.4675167696133763	3209.4675178233378140	3209.4675179513027499	3209.4675179605356630	3209.4675179607815032	3209.4675179607635211	3209.4675179607616214	3209.4675179607615561	3209.4675179607615555	3209.4675179607615555	3209.4675179607615555	3209.4675179607615555	3209.4675179607615555	0	0	0	0	0	0	0	0	0	0
3345.8825490916163709	3345.8404640510911373	3345.8285045597229061	3345.8258478640410792	3345.8254510278232051	3345.8254381650783395	3345.8254510055148962	3345.8254553099937155	3345.8254560878299862	3345.8254561760564031	3345.8254561818555484	3345.8254561819687360	3345.8254561819551897	3345.8254561819540327	3345.8254561819539984	3345.8254561819539982	3345.8254561819539982	3345.8254561819539982	3345.8254561819539982	3345.8254561819539982	0	0	0	0	0	0	0	0	0	0
3485.0141096062512398	3484.9780101254472765	3484.9680503799219648	3484.9659252534553575	3484.9656303304070136	3484.9656270522003783	3484.9656382265927524	3484.9656416009542096	3484.9656421710188478	3484.9656422312859826	3484.9656422348658273	3484.9656422349082551	3484.9656422348984842	3484.9656422348977915	3484.9656422348977738	3484.9656422348977738	3484.9656422348977738	3484.9656422348977738	3484.9656422348977738	3484.9656422348977738	0	0	0	0	0	0	0	0	0	0
3626.9323830666103201	3626.9015333573477311	3626.8932788187447839	3626.8915910078668532	3626.8913755011078973	3626.8913785462497863	3626.8913881183970316	3626.8913907439143717	3626.8913911586018238	3626.8913911993640189	3626.8913912015293940	3626.8913912015366015	3626.8913912015297870	3626.8913912015293790	3626.8913912015293703	3626.8913912015293703	3626.8913912015293703	3626.8913912015293703	3626.8913912015293703	3626.8913912015293703	0	0	0	0	0	0	0	0	0	0
3771.6421259181601345	3771.6158630357400375	3771.6090558325923480	3771.6077256002486660	3771.6075713311205208	3771.6075782887875903	3771.6075863749239538	3771.6075884024956364	3771.6075887018267913	3771.6075887291038680	3771.6075887303818370	3771.6075887303734858	3771.6075887303688640	3771.6075887303686276	3771.6075887303686234	3771.6075887303686234	3771.6075887303686234	3771.6075887303686234	3771.6075887303686234	3771.6075887303686234	0	0	0	0	0	0	0	0	0	0
3919.1496507250668233	3919.1273800437814750	3919.1217955303768828	3919.1207558191721706	3919.1206482201173765	3919.1206573456894080	3919.1206640911916665	3919.1206656451904936	3919.1206658595164447	3919.1206658775590846	3919.1206658782903299	3919.1206658782767499	3919.1206658782736900	3919.1206658782735558	3919.1206658782735536	3919.1206658782735536	3919.1206658782735536	3919.1206658782735536	3919.1206658782735536	3919.1206658782735536	0	0	0	0	0	0	0	0	0	0
4069.4628022020005043	4069.4439927186117577	4069.4394361599606111	4069.4386309136983976	4069.4385584131795536	4069.4385684771553156	4069.4385740397405095	4069.4385752216985557	4069.4385753738680109	4069.4385753856513974	4069.4385753860529460	4069.4385753860391496	4069.4385753860371673	4069.4385753860370924	4069.4385753860370914	4069.4385753860370914	4069.4385753860370914	4069.4385753860370914	4069.4385753860370914	4069.4385753860370914	0	0	0	0	0	0	0	0	0	0
4222.5909344778329861	4222.5751140517423324	4222.5714174723214244	4222.5708001173986151	4222.5707536097785085	4222.5707637752132427	4222.5707683132504398	4222.5707692052854352	4222.5707693123692899	4222.5707693199565647	4222.5707693201644148	4222.5707693201525032	4222.5707693201512444	4222.5707693201512038	4222.5707693201512034	4222.5707693201512034	4222.5707693201512034	4222.5707693201512034	4222.5707693201512034	4222.5707693201512034	0	0	0	0	0	0	0	0	0	0
4378.5448895658900332	4378.5316401845407000	4378.5286594066321719	4378.5281914904630724	4378.5281638831409308	4378.5281736073617819	4378.5281772721348210	4378.5281779400609006	4378.5281780147140205	4378.5281780195217998	4378.5281780196195641	4378.5281780196101363	4378.5281780196093526	4378.5281780196093307	4378.5281780196093307	4378.5281780196093307	4378.5281780196093307	4378.5281780196093307	4378.5281780196093307	4378.5281780196093307	0	0	0	0	0	0	0	0	0	0
4537.3369770152533671	4537.3259301555584456	4537.3235420436042273	4537.3231920240987801	4537.3231778539706801	4537.3231868107059305	4537.3231897416628458	4537.3231902377580577	4537.3231902892862491	4537.3231902922769927	4537.3231902923149298	4537.3231902923078774	4537.3231902923073989	4537.3231902923073878	4537.3231902923073878	4537.3231902923073878	4537.3231902923073878	4537.3231902923073878	4537.3231902923073878	4537.3231902923073878	0	0	0	0	0	0	0	0	0	0
4698.9809547173702771	4698.9717868585055750	4698.9698867781919046	4698.9696289560671306	4698.9696240674534662	4698.9696320859230169	4698.9696344081272265	4698.9696347735525185	4698.9696348087418862	4698.9696348105620881	4698.9696348105695812	4698.9696348105645200	4698.9696348105642329	4698.9696348105642272	4698.9696348105642272	4698.9696348105642272	4698.9696348105642272	4698.9696348105642272	4698.9696348105642272	4698.9696348105642272	0	0	0	0	0	0	0	0	0	0
4863.4920108420102066	4863.4844391715740174	4863.4829386661466476	4863.4827522503507286	4863.4827535268280715	4863.4827605447611103	4863.4827623679171232	4863.4827626347976304	4863.4827626585540377	4863.4827626596326040	4863.4827626596262298	4863.4827626596227144	4863.4827626596225456	4863.4827626596225432	4863.4827626596225432	4863.4827626596225432	4863.4827626596225432	4863.4827626596225432	4863.4827626596225432	4863.4827626596225432	0	0	0	0	0	0	0	0	0	0
5030.8867468764639489	5030.8805252206025002	5030.8793499019994892	5030.8792181976342623	5030.8792233406553297	5030.8792293686084998	5030.8792307871704050	5030.8792309803607142	5030.8792309961987584	5030.8792309968163861	5030.8792309968050501	5030.8792309968026750	5030.8792309968025778	5030.8792309968025766	5030.8792309968025766	5030.8792309968025766	5030.8792309968025766	5030.8792309968025766	5030.8792309968025766	5030.8792309968025766	0	0	0	0	0	0	0	0	0	0
5201.1831617418430169	5201.1780767402813881	5201.1771643888772217	5201.1770740965941239	5201.1770814443233903	5201.1770865390567259	5201.1770876330417702	5201.1770877716034940	5201.1770877820172656	5201.1770877823548827	5201.1770877823430292	5201.1770877823414634	5201.1770877823414088	5201.1770877823414082	5201.1770877823414082	5201.1770877823414082	5201.1770877823414082	5201.1770877823414082	5201.1770877823414082	5201.1770877823414082	0	0	0	0	0	0	0	0	0	0
5374.4006369604181722	5374.3965044992372668	5374.3958033631541917	5374.3957439789648061	5374.3957523593554082	5374.3957566043760934	5374.3957574405998317	5374.3957575390231766	5374.3957575457649578	5374.3957575459371878	5374.3957575459267646	5374.3957575459257554	5374.3957575459257254	5374.3957575459257251	5374.3957575459257251	5374.3957575459257251	5374.3957575459257251	5374.3957575459257251	5374.3957575459257251	5374.3957575459257251	0	0	0	0	0	0	0	0	0	0
5550.5599228481390955	5550.5565847564236166	5550.5560520393337624	5550.5560153440286903	5550.5560239567853837	5550.5560274484867752	5550.5560280820125652	5550.5560281512144976	5550.5560281555024037	5550.5560281555804242	5550.5560281555720556	5550.5560281555714188	5550.5560281555714028	5550.5560281555714028	5550.5560281555714028	5550.5560281555714028	5550.5560281555714028	5550.5560281555714028	5550.5560281555714028	5550.5560281555714028	0	0	0	0	0	0	0	0	0	0
5729.6831257067962881	5729.6804467177816299	5729.6800472427627538	5729.6800268705955939	5729.6800351932835451	5729.6800380313872920	5729.6800385070435553	5729.6800385551743371	5729.6800385578456091	5729.6800385578725757	5729.6800385578662390	5729.6800385578658454	5729.6800385578658372	5729.6800385578658372	5729.6800385578658372	5729.6800385578658372	5729.6800385578658372	5729.6800385578658372	5729.6800385578658372	5729.6800385578658372	0	0	0	0	0	0	0	0	0	0
5911.7936959907116410	5911.7915609636268853	5911.7912659998266893	5911.7912570767304309	5911.7912647908823969	5911.7912670721352139	5911.7912674260011592	5911.7912674590890228	5911.7912674607121293	5911.7912674607134448	5911.7912674607088476	5911.7912674607086096	5911.7912674607086054	5911.7912674607086054	5911.7912674607086054	5911.7912674607086054	5911.7912674607086054	5911.7912674607086054	5911.7912674607086054	5911.7912674607086054	0	0	0	0	0	0	0	0	0	0
6096.9164174233630597	6096.9147288186637588	6096.9145150571685808	6096.9145138994781888	6096.9145208331105508	6096.9145226473959281	6096.9145229081924713	6096.9145229306535122	6096.9145229316093286	6096.9145229315993820	6096.9145229315961577	6096.9145229315960168	6096.9145229315960150	6096.9145229315960150	6096.9145229315960150	6096.9145229315960150	6096.9145229315960150	6096.9145229315960150	6096.9145229315960150	6096.9145229315960150	0	0	0	0	0	0	0	0	0	0
6285.0773970399480087	6285.0760726379301561	6285.0759213032329003	6285.0759251686487368	6285.0759312521118578	6285.0759326803132628	6285.0759328706627236	6285.0759328857000281	6285.0759328862400185	6285.0759328862265345	6285.0759328862243374	6285.0759328862242560	6285.0759328862242548	6285.0759328862242548	6285.0759328862242548	6285.0759328862242548	6285.0759328862242548	6285.0759328862242548	6285.0759328862242548	6285.0759328862242548	0	0	0	0	0	0	0	0	0	0
6476.3040561325571219	6476.3030269833293277	6476.3029230670706390	6476.3029299503798646	6476.3029351829357952	6476.3029362960347804	6476.3029364335723302	6476.3029364434852060	6476.3029364437726828	6476.3029364437594768	6476.3029364437580172	6476.3029364437579715	6476.3029364437579711	6476.3029364437579711	6476.3029364437579711	6476.3029364437579711	6476.3029364437579711	6476.3029364437579711	6476.3029364437579711	6476.3029364437579711	0	0	0	0	0	0	0	0	0	0
6670.6251220753495128	6670.6243306667124076	6670.6242622708615832	6670.6242707377133609	6670.6242751626522612	6670.6242760216656209	6670.6242761199990084	6670.6242761264201288	6670.6242761265591738	6670.6242761265478608	6670.6242761265469139	6670.6242761265468890	6670.6242761265468885	6670.6242761265468885	6670.6242761265468885	6670.6242761265468885	6670.6242761265468885	6670.6242761265468885	6670.6242761265468885	6670.6242761265468885	0	0	0	0	0	0	0	0	0	0
6868.0706210078842200	6868.0700196367340958	6868.0699774140254420	6868.0699864668115023	6868.0699901532875430	6868.0699908097456119	6868.0699908792686812	6868.0699908833440789	6868.0699908833995762	6868.0699908833906021	6868.0699908833900016	6868.0699908833899884	6868.0699908833899884	6868.0699908833899884	6868.0699908833899884	6868.0699908833899884	6868.0699908833899884	6868.0699908833899884	6868.0699908833899884	6868.0699908833899884	0	0	0	0	0	0	0	0	0	0
7068.6718713555565246	7068.6714206879138821	7068.6713973681126571	7068.6714063387237083	7068.6714093688134341	7068.6714098655599596	7068.6714099141310431	7068.6714099166553163	7068.6714099166666466	7068.6714099166598902	7068.6714099166595180	7068.6714099166595110	7068.6714099166595110	7068.6714099166595110	7068.6714099166595110	7068.6714099166595110	7068.6714099166595110	7068.6714099166595110	7068.6714099166595110	7068.6714099166595110	0	0	0	0	0	0	0	0	0	0
7272.4614781669042989	7272.4611459714962699	7272.4611359628965017	7272.4611444277974912	7272.4611468875614943	7272.4611472597173004	7272.4611472932165997	7272.4611472947334008	7272.4611472947236703	7272.4611472947187808	7272.4611472947185555	7272.4611472947185518	7272.4611472947185518	7272.4611472947185518	7272.4611472947185518	7272.4611472947185518	7272.4611472947185518	7272.4611472947185518	7272.4611472947185518	7272.4611472947185518	0	0	0	0	0	0	0	0	0	0
7479.4733282483796923	7479.4730882888155390	7479.4730873452375185	7479.4730950589248778	7479.4730970324905818	7479.4730973084711906	7479.4730973312524826	7479.4730973321283958	7479.4730973321105603	7479.4730973321071349	7479.4730973321070012	7479.4730973321069995	7479.4730973321069995	7479.4730973321069995	7479.4730973321069995	7479.4730973321069995	7479.4730973321069995	7479.4730973321069995	7479.4730973321069995	7479.4730973321069995	0	0	0	0	0	0	0	0	0	0
7689.7425860780180811	7689.7424171489341495	7689.7424220933660294	7689.7424289368345335	7689.7424305027177868	7689.7424307052317471	7689.7424307204837416	7689.7424307209619864	7689.7424307209428447	7689.7424307209405108	7689.7424307209404339	7689.7424307209404333	7689.7424307209404333	7689.7424307209404333	7689.7424307209404333	7689.7424307209404333	7689.7424307209404333	7689.7424307209404333	7689.7424307209404333	7689.7424307209404333	0	0	0	0	0	0	0	0	0	0
7903.3056904802732411	7903.3055755733396053	7903.3055840702344870	7903.3055900115893090	7903.3055912406393108	7903.3055913876213454	7903.3055913976532038	7903.3055913978922206	7903.3055913978749648	7903.3055913978734151	7903.3055913978733720	7903.3055913978733714	7903.3055913978733714	7903.3055913978733714	7903.3055913978733714	7903.3055913978733714	7903.3055913978733714	7903.3055913978733714	7903.3055913978733714	7903.3055913978733714	0	0	0	0	0	0	0	0	0	0
8120.2003520451197837	8120.2002776314534425	8120.2002880005344477	8120.2002930653361218	8120.2002940198259023	8120.2002941252789942	8120.2002941317432263	8120.2002941318440561	8120.2002941318298637	8120.2002941318288595	8120.2002941318288364	8120.2002941318288358	8120.2002941318288358	8120.2002941318288358	8120.2002941318288358	8120.2002941318288358	8120.2002941318288358	8120.2002941318288358	8120.2002941318288358	8120.2002941318288358	0	0	0	0	0	0	0	0	0	0
8340.4655512753467452	8340.4655066916292333	8340.4655177568581527	8340.4655220061865165	8340.4655227396836118	8340.4655228144183536	8340.4655228184827790	8340.4655228185082419	8340.4655228184972433	8340.4655228184966075	8340.4655228184965949	8340.4655228184965949	8340.4655228184965949	8340.4655228184965949	8340.4655228184965949	8340.4655228184965949	8340.4655228184965949	8340.4655228184965949	8340.4655228184965949	8340.4655228184965949	0	0	0	0	0	0	0	0	0	0
8564.1415374467760998	8564.1415143731954696	8564.1415253413168733	8564.1415288558876521	8564.1415294136302965	8564.1415294658995680	8564.1415294683784331	8564.1415294683663701	8564.1415294683582098	8564.1415294683578167	8564.1415294683578108	8564.1415294683578108	8564.1415294683578108	8564.1415294683578108	8564.1415294683578108	8564.1415294683578108	8564.1415294683578108	8564.1415294683578108	8564.1415294683578108	8564.1415294683578108	0	0	0	0	0	0	0	0	0	0
8791.2698281669339133	8791.2698201859355642	8791.2698305497118579	8791.2698334186799154	8791.2698338382563516	8791.2698338742897246	8791.2698338757424984	8791.2698338757147765	8791.2698338757089298	8791.2698338757086933	8791.2698338757086902	8791.2698338757086902	8791.2698338757086902	8791.2698338757086902	8791.2698338757086902	8791.2698338757086902	8791.2698338757086902	8791.2698338757086902	8791.2698338757086902	8791.2698338757086902	0	0	0	0	0	0	0	0	0	0
9021.8932096184774527	9021.8932118441926445	9021.8932213060928785	9021.8932236194333151	9021.8932239316186528	9021.8932239560647406	9021.8932239568696701	9021.8932239568382046	9021.8932239568341397	9021.8932239568340005	9021.8932239568339997	9021.8932239568339997	9021.8932239568339997	9021.8932239568339997	9021.8932239568339997	9021.8932239568339997	9021.8932239568339997	9021.8932239568339997	9021.8932239568339997	9021.8932239568339997	0	0	0	0	0	0	0	0	0	0
9256.0557374744368800	9256.0557462435432124	9256.0557546562379675	9256.0557564998143023	9256.0557567294634110	9256.0557567457503726	9256.0557567461585759	9256.0557567461292778	9256.0557567461265259	9256.0557567461264462	9256.0557567461264462	9256.0557567461264462	9256.0557567461264462	9256.0557567461264462	9256.0557567461264462	9256.0557567461264462	9256.0557567461264462	9256.0557567461264462	9256.0557567461264462	9256.0557567461264462	0	0	0	0	0	0	0	0	0	0
9493.8027384730637329	9493.8027510887028914	9493.8027584092492728	9493.8027598618611238	9493.8027600287896181	9493.8027600394147397	9493.8027600395894747	9493.8027600395647821	9493.8027600395629659	9493.8027600395629226	9493.8027600395629226	9493.8027600395629226	9493.8027600395629226	9493.8027600395629226	9493.8027600395629226	9493.8027600395629226	9493.8027600395629226	9493.8027600395629226	9493.8027600395629226	9493.8027600395629226	0	0	0	0	0	0	0	0	0	0
9735.1808126407891049	9735.1808271620114332	9735.1808334170873353	9735.1808345489423614	9735.1808346687528706	9735.1808346755119977	9735.1808346755567991	9735.1808346755372615	9735.1808346755360920	9735.1808346755360693	9735.1808346755360693	9735.1808346755360693	9735.1808346755360693	9735.1808346755360693	9735.1808346755360693	9735.1808346755360693	9735.1808346755360693	9735.1808346755360693	9735.1808346755360693	9735.1808346755360693	0	0	0	0	0	0	0	0	0	0
9980.2378361524816329	9980.2378512224947459	9980.2378564824624050	9980.2378573546427189	9980.2378574394720077	9980.2378574436389313	9980.2378574436174773	9980.2378574436027089	9980.2378574436019748	9980.2378574436019638	9980.2378574436019638	9980.2378574436019638	9980.2378574436019638	9980.2378574436019638	9980.2378574436019638	9980.2378574436019638	9980.2378574436019638	9980.2378574436019638	9980.2378574436019638	9980.2378574436019638	0	0	0	0	0	0	0	0	0	0
10229.022964818858521	10229.022979526120980	10229.022983886069286	10229.022984550664736	10229.022984609840354	10229.022984612305251	10229.022984612255178	10229.022984612244413	10229.022984612243963	10229.022984612243958	10229.022984612243958	10229.022984612243958	10229.022984612243958	10229.022984612243958	10229.022984612243958	10229.022984612243958	10229.022984612243958	10229.022984612243958	10229.022984612243958	10229.022984612243958	0	0	0	0	0	0	0	0	0	0
10481.586638191541824	10481.586651958457542	10481.586655524694162	10481.586656025357187	10481.586656065961302	10481.586656067336192	10481.586656067278545	10481.586656067270936	10481.586656067270669	10481.586656067270667	10481.586656067270667	10481.586656067270667	10481.586656067270667	10481.586656067270667	10481.586656067270667	10481.586656067270667	10481.586656067270667	10481.586656067270667	10481.586656067270667	10481.586656067270667	0	0	0	0	0	0	0	0	0	0
10737.980584276867057	10737.980596771498159	10737.980599652239946	10737.980600024982224	10737.980600052326185	10737.980600053024229	10737.980600052969799	10737.980600052964569	10737.980600052964415	10737.980600052964414	10737.980600052964414	10737.980600052964414	10737.980600052964414	10737.980600052964414	10737.980600052964414	10737.980600052964414	10737.980600052964414	10737.980600052964414	10737.980600052964414	10737.980600052964414	0	0	0	0	0	0	0	0	0	0
10998.257824850142173	10998.257835916965713	10998.257838216213158	10998.257838490315664	10998.257838508332415	10998.257838508626742	10998.257838508580236	10998.257838508576733	10998.257838508576647	10998.257838508576647	10998.257838508576647	10998.257838508576647	10998.257838508576647	10998.257838508576647	10998.257838508576647	10998.257838508576647	10998.257838508576647	10998.257838508576647	10998.257838508576647	10998.257838508576647	0	0	0	0	0	0	0	0	0	0
11262.472681362622536	11262.472690968909201	11262.472692782691736	11262.472692981639639	11262.472692993202996	11262.472692993269748	11262.472692993232450	11262.472692993230163	11262.472692993230117	11262.472692993230118	11262.472692993230118	11262.472692993230118	11262.472692993230118	11262.472692993230118	11262.472692993230118	11262.472692993230118	11262.472692993230118	11262.472692993230118	11262.472692993230118	11262.472692993230118	0	0	0	0	0	0	0	0	0	0
11530.680781434012215	11530.680789628903532	11530.680791043251347	11530.680791185635419	11530.680791192815937	11530.680791192765308	11530.680791192736738	11530.680791192735282	11530.680791192735260	11530.680791192735260	11530.680791192735260	11530.680791192735260	11530.680791192735260	11530.680791192735260	11530.680791192735260	11530.680791192735260	11530.680791192735260	11530.680791192735260	11530.680791192735260	11530.680791192735260	0	0	0	0	0	0	0	0	0	0
11802.939065923824499	11802.939072807630680	11802.939073897769077	11802.939073998117866	11802.939074002384943	11802.939074002283218	11802.939074002262118	11802.939074002261217	11802.939074002261207	11802.939074002261207	11802.939074002261207	11802.939074002261207	11802.939074002261207	11802.939074002261207	11802.939074002261207	11802.939074002261207	11802.939074002261207	11802.939074002261207	11802.939074002261207	11802.939074002261207	0	0	0	0	0	0	0	0	0	0
12079.305796575435830	12079.305802277071370	12079.305803107449243	12079.305803176972705	12079.305803179351985	12079.305803179236920	12079.305803179221816	12079.305803179221275	12079.305803179221271	12079.305803179221271	12079.305803179221271	12079.305803179221271	12079.305803179221271	12079.305803179221271	12079.305803179221271	12079.305803179221271	12079.305803179221271	12079.305803179221271	12079.305803179221271	12079.305803179221271	0	0	0	0	0	0	0	0	0	0
12359.840564227148123	12359.840568887969472	12359.840569512827573	12359.840569560064472	12359.840569561258736	12359.840569561150105	12359.840569561139592	12359.840569561139277	12359.840569561139277	12359.840569561139277	12359.840569561139277	12359.840569561139277	12359.840569561139277	12359.840569561139277	12359.840569561139277	12359.840569561139277	12359.840569561139277	12359.840569561139277	12359.840569561139277	12359.840569561139277	0	0	0	0	0	0	0	0	0	0
12644.604297585035789	12644.604301347648055	12644.604301811908401	12644.604301843277711	12644.604301843758419	12644.604301843665085	12644.604301843657960	12644.604301843657784	12644.604301843657785	12644.604301843657785	12644.604301843657785	12644.604301843657785	12644.604301843657785	12644.604301843657785	12644.604301843657785	12644.604301843657785	12644.604301843657785	12644.604301843657785	12644.604301843657785	12644.604301843657785	0	0	0	0	0	0	0	0	0	0
12933.659272552796673	12933.659275553657688	12933.659275893975630	12933.659275914237230	12933.659275914312863	12933.659275914237409	12933.659275914232704	12933.659275914232611	12933.659275914232612	12933.659275914232612	12933.659275914232612	12933.659275914232612	12933.659275914232612	12933.659275914232612	12933.659275914232612	12933.659275914232612	12933.659275914232612	12933.659275914232612	12933.659275914232612	12933.659275914232612	0	0	0	0	0	0	0	0	0	0
13227.069122114251407	13227.069124479125409	13227.069124724992978	13227.069124737625945	13227.069124737492257	13227.069124737433927	13227.069124737430903	13227.069124737430857	13227.069124737430858	13227.069124737430858	13227.069124737430858	13227.069124737430858	13227.069124737430858	13227.069124737430858	13227.069124737430858	13227.069124737430858	13227.069124737430858	13227.069124737430858	13227.069124737430858	13227.069124737430858	0	0	0	0	0	0	0	0	0	0
13524.898846764544754	13524.898848606047829	13524.898848780873323	13524.898848788381576	13524.898848788157974	13524.898848788114474	13524.898848788112584	13524.898848788112565	13524.898848788112565	13524.898848788112565	13524.898848788112565	13524.898848788112565	13524.898848788112565	13524.898848788112565	13524.898848788112565	13524.898848788112565	13524.898848788112565	13524.898848788112565	13524.898848788112565	13524.898848788112565	0	0	0	0	0	0	0	0	0	0
13827.214825486495942	13827.214826903135008	13827.214827025251260	13827.214827029406741	13827.214827029162173	13827.214827029130724	13827.214827029129579	13827.214827029129572	13827.214827029129573	13827.214827029129573	13827.214827029129573	13827.214827029129573	13827.214827029129573	13827.214827029129573	13827.214827029129573	13827.214827029129573	13827.214827029129573	13827.214827029129573	13827.214827029129573	13827.214827029129573	0	0	0	0	0	0	0	0	0	0
14134.084827268924280	14134.084828345164148	14134.084828428738279	14134.084828430771570	14134.084828430542611	14134.084828430520505	14134.084828430519837	14134.084828430519836	14134.084828430519837	14134.084828430519837	14134.084828430519837	14134.084828430519837	14134.084828430519837	14134.084828430519837	14134.084828430519837	14134.084828430519837	14134.084828430519837	14134.084828430519837	14134.084828430519837	14134.084828430519837	0	0	0	0	0	0	0	0	0	0
14445.578023164142054	14445.578023971144379	14445.578024026976512	14445.578024027724039	14445.578024027527265	14445.578024027512138	14445.578024027511765	14445.578024027511767	14445.578024027511767	14445.578024027511767	14445.578024027511767	14445.578024027511767	14445.578024027511767	14445.578024027511767	14445.578024027511767	14445.578024027511767	14445.578024027511767	14445.578024027511767	14445.578024027511767	14445.578024027511767	0	0	0	0	0	0	0	0	0	0
14761.764998882160119	14761.764999478926942	14761.764999515135555	14761.764999515151592	14761.764999514991840	14761.764999514981761	14761.764999514981565	14761.764999514981567	14761.764999514981567	14761.764999514981567	14761.764999514981567	14761.764999514981567	14761.764999514981567	14761.764999514981567	14761.764999514981567	14761.764999514981567	14761.764999514981567	14761.764999514981567	14761.764999514981567	14761.764999514981567	0	0	0	0	0	0	0	0	0	0
15082.717767919493470	15082.717768354219478	15082.717768376817858	15082.717768376458433	15082.717768376334162	15082.717768376327629	15082.717768376327534	15082.717768376327537	15082.717768376327537	15082.717768376327537	15082.717768376327537	15082.717768376327537	15082.717768376327537	15082.717768376327537	15082.717768376327537	15082.717768376327537	15082.717768376327537	15082.717768376327537	15082.717768376327537	15082.717768376327537	0	0	0	0	0	0	0	0	0	0
15408.509785220785305	15408.509785532279509	15408.509785545651937	15408.509785545136695	15408.509785545043342	15408.509785545039230	15408.509785545039191	15408.509785545039193	15408.509785545039193	15408.509785545039193	15408.509785545039193	15408.509785545039193	15408.509785545039193	15408.509785545039193	15408.509785545039193	15408.509785545039193	15408.509785545039193	15408.509785545039193	15408.509785545039193	15408.509785545039193	0	0	0	0	0	0	0	0	0	0
15739.215961371789598	15739.215961590871263	15739.215961598159823	15739.215961597616855	15739.215961597548830	15739.215961597546328	15739.215961597546317	15739.215961597546318	15739.215961597546318	15739.215961597546318	15739.215961597546318	15739.215961597546318	15739.215961597546318	15739.215961597546318	15739.215961597546318	15739.215961597546318	15739.215961597546318	15739.215961597546318	15739.215961597546318	15739.215961597546318	0	0	0	0	0	0	0	0	0	0
16074.912677322564668	16074.912677473372160	16074.912677476785950	16074.912677476283684	16074.912677476235485	16074.912677476234021	16074.912677476234023	16074.912677476234024	16074.912677476234024	16074.912677476234024	16074.912677476234024	16074.912677476234024	16074.912677476234024	16074.912677476234024	16074.912677476234024	16074.912677476234024	16074.912677476234024	16074.912677476234024	16074.912677476234024	16074.912677476234024	0	0	0	0	0	0	0	0	0	0
16415.677799640034353	16415.677799741210923	16415.677799742269403	16415.677799741838816	16415.677799741805575	16415.677799741804759	16415.677799741804766	16415.677799741804767	16415.677799741804767	16415.677799741804767	16415.677799741804767	16415.677799741804767	16415.677799741804767	16415.677799741804767	16415.677799741804767	16415.677799741804767	16415.677799741804767	16415.677799741804767	16415.677799741804767	16415.677799741804767	0	0	0	0	0	0	0	0	0	0
