.46482079236286550579e28
.47610923096703862431e28
.48767181575445887210e28
.49951520452187071516e28
.51164621675441772696e28
.52407183755233777119e28
.53679922165302022180e28
.54983569755074114097e28
.56318877171644858050e28
.57686613292002778123e28
.59087565665753505295e28
.60522540968594955948e28
.61992365466805414262e28
.63497885493011973154e28
.65039967933513283743e28
.66619500727437216291e28
.68237393378020850228e28
.69894577476307190961e28
.71592007237560160745e28
.73330660050706734206e28
.75111537041122590133e28
.76935663647085334495e28
.78804090210227219422e28
.80717892580327343953e28
.82678172734791579007e28
.84686059413176916427e28
.86742708767125604481e28
.88849305026083305262e28
.91007061179184598103e28
.93217219673698462072e28
.95481053130435906291e28
.97799865076531683355e28
.10017499069602202551e29
.10260779759865059016e29
.10509968660734529710e29
.10765209256481949087e29
.11026648515976187329e29
.11294436977309093077e29
.11568728834476113397e29
.11849682026162002146e29
.12137458326682740017e29
.12432223439136031076e29
.12734147090814012355e29
.13043403130933115629e29
.13360169630737354738e29
.13684628986032678457e29
.14016968022211428728e29
.14357378101827377885e29
.14706055234783287136e29
.15063200191194432892e29
.15429018616993088318e29
.15803721152340525815e29
.16187523552914722636e29
.16580646814143607770e29
.16983317298455384218e29
.17395766865619198083e29
.17818233006251205302e29
.18250958978562909501e29
.18694193948430511408e29
.19148193132865922460e29
.19613217946972053974e29
.20089536154466999517e29
.20577422021863783057e29
.21077156476394450433e29
.21589027267769437638e29
.22113329133865357813e29
.22650363970436610843e29
.23200441004948536396e29
.23763876974632204422e29
.24340996308863368017e29
.24932131315970593386e29
.25537622374580132012e29
.26157818129607712404e29
.26793075693010104528e29
.27443760849412050714e29
.28110248266726964100e29
.28792921711892671124e29
.29492174271846419813e29
.30208408579866392450e29
.30942037047410051237e29
.31693482101582810684e29
.32463176428373772430e29
.33251563221798578905e29
.34059096439092843583e29
.34886241062103099542e29
.35733473365025776604e29
.36601281188648372561e29
.37490164221250727973e29
.38400634286328148985e29
.39333215637302050609e29
.40288445259387816426e29
.41266873178793691787e29
.42269062779428748853e29
.43295591127302285576e29
.44347049302801449488e29
.45424042741038413496e29
.46527191580463077369e29
.47657131019942027885e29
.48814511684509365684e29
.49999999999999999916e29
