# log10(Field1**2)      log10(Wpi)      Eabs/(W_pi x omega)     Eabs/Eg0        W_PI    Field1**2
#
-0.26021E+01 -0.97820E+01  0.30018E+01  0.23318E-09  0.16521E-09  0.25000E-02
-0.23010E+01 -0.88798E+01  0.30036E+01  0.18627E-08  0.13189E-08  0.50000E-02
-0.21249E+01 -0.83524E+01  0.30053E+01  0.62775E-08  0.44424E-08  0.75000E-02
-0.20000E+01 -0.79784E+01  0.30071E+01  0.14859E-07  0.10509E-07  0.10000E-01
-0.19031E+01 -0.76885E+01  0.30088E+01  0.28983E-07  0.20486E-07  0.12500E-01
-0.18239E+01 -0.74518E+01  0.30106E+01  0.50016E-07  0.35333E-07  0.15000E-01
-0.17570E+01 -0.72518E+01  0.30123E+01  0.79323E-07  0.56005E-07  0.17500E-01
-0.16990E+01 -0.70786E+01  0.30140E+01  0.11826E-06  0.83449E-07  0.20000E-01
-0.16478E+01 -0.69259E+01  0.30157E+01  0.16818E-06  0.11861E-06  0.22500E-01
-0.16021E+01 -0.67894E+01  0.30174E+01  0.23044E-06  0.16242E-06  0.25000E-01
-0.15607E+01 -0.66659E+01  0.30190E+01  0.30637E-06  0.21583E-06  0.27500E-01
-0.15229E+01 -0.65532E+01  0.30207E+01  0.39733E-06  0.27975E-06  0.30000E-01
-0.14881E+01 -0.64496E+01  0.30223E+01  0.50464E-06  0.35511E-06  0.32500E-01
-0.14559E+01 -0.63537E+01  0.30240E+01  0.62966E-06  0.44285E-06  0.35000E-01
-0.14260E+01 -0.62645E+01  0.30256E+01  0.77372E-06  0.54387E-06  0.37500E-01
-0.13979E+01 -0.61810E+01  0.30272E+01  0.93814E-06  0.65911E-06  0.40000E-01
-0.13716E+01 -0.61027E+01  0.30288E+01  0.11243E-05  0.78947E-06  0.42500E-01
-0.13468E+01 -0.60288E+01  0.30303E+01  0.13334E-05  0.93586E-06  0.45000E-01
-0.13233E+01 -0.59589E+01  0.30319E+01  0.15670E-05  0.10992E-05  0.47500E-01
-0.13010E+01 -0.58926E+01  0.30334E+01  0.18263E-05  0.12804E-05  0.50000E-01
-0.12798E+01 -0.58296E+01  0.30350E+01  0.21126E-05  0.14804E-05  0.52500E-01
-0.12596E+01 -0.57695E+01  0.30365E+01  0.24273E-05  0.17001E-05  0.55000E-01
-0.12403E+01 -0.57121E+01  0.30380E+01  0.27717E-05  0.19404E-05  0.57500E-01
-0.12218E+01 -0.56572E+01  0.30395E+01  0.31471E-05  0.22021E-05  0.60000E-01
-0.12041E+01 -0.56044E+01  0.30409E+01  0.35550E-05  0.24863E-05  0.62500E-01
-0.11871E+01 -0.55538E+01  0.30424E+01  0.39966E-05  0.27939E-05  0.65000E-01
-0.11707E+01 -0.55051E+01  0.30438E+01  0.44734E-05  0.31256E-05  0.67500E-01
-0.11549E+01 -0.54581E+01  0.30453E+01  0.49865E-05  0.34825E-05  0.70000E-01
-0.11397E+01 -0.54128E+01  0.30467E+01  0.55375E-05  0.38655E-05  0.72500E-01
-0.11249E+01 -0.53690E+01  0.30481E+01  0.61276E-05  0.42755E-05  0.75000E-01
-0.11107E+01 -0.53267E+01  0.30495E+01  0.67583E-05  0.47134E-05  0.77500E-01
-0.10969E+01 -0.52857E+01  0.30509E+01  0.74308E-05  0.51801E-05  0.80000E-01
-0.10835E+01 -0.52459E+01  0.30522E+01  0.81466E-05  0.56766E-05  0.82500E-01
-0.10706E+01 -0.52073E+01  0.30536E+01  0.89070E-05  0.62037E-05  0.85000E-01
-0.10580E+01 -0.51699E+01  0.30549E+01  0.97134E-05  0.67624E-05  0.87500E-01
-0.10458E+01 -0.51335E+01  0.30562E+01  0.10567E-04  0.73536E-05  0.90000E-01
-0.10339E+01 -0.50981E+01  0.30575E+01  0.11470E-04  0.79783E-05  0.92500E-01
-0.10223E+01 -0.50636E+01  0.30588E+01  0.12423E-04  0.86374E-05  0.95000E-01
-0.10110E+01 -0.50300E+01  0.30601E+01  0.13427E-04  0.93318E-05  0.97500E-01
-0.10000E+01 -0.49973E+01  0.30614E+01  0.14484E-04  0.10062E-04  0.10000E+00
-0.98928E+00 -0.49654E+01  0.30626E+01  0.15596E-04  0.10830E-04  0.10250E+00
-0.97881E+00 -0.49342E+01  0.30638E+01  0.16763E-04  0.11636E-04  0.10500E+00
-0.96859E+00 -0.49037E+01  0.30651E+01  0.17988E-04  0.12481E-04  0.10750E+00
-0.95861E+00 -0.48740E+01  0.30663E+01  0.19271E-04  0.13367E-04  0.11000E+00
-0.94885E+00 -0.48449E+01  0.30675E+01  0.20614E-04  0.14293E-04  0.11250E+00
-0.93930E+00 -0.48164E+01  0.30687E+01  0.22019E-04  0.15261E-04  0.11500E+00
-0.92996E+00 -0.47886E+01  0.30698E+01  0.23487E-04  0.16272E-04  0.11750E+00
-0.92082E+00 -0.47613E+01  0.30710E+01  0.25019E-04  0.17327E-04  0.12000E+00
-0.91186E+00 -0.47346E+01  0.30721E+01  0.26616E-04  0.18426E-04  0.12250E+00
-0.90309E+00 -0.47084E+01  0.30732E+01  0.28281E-04  0.19572E-04  0.12500E+00
-0.89449E+00 -0.46827E+01  0.30744E+01  0.30015E-04  0.20764E-04  0.12750E+00
-0.88606E+00 -0.46575E+01  0.30755E+01  0.31819E-04  0.22004E-04  0.13000E+00
-0.87778E+00 -0.46328E+01  0.30766E+01  0.33695E-04  0.23293E-04  0.13250E+00
-0.86967E+00 -0.46085E+01  0.30776E+01  0.35643E-04  0.24631E-04  0.13500E+00
-0.86170E+00 -0.45847E+01  0.30787E+01  0.37666E-04  0.26020E-04  0.13750E+00
-0.85387E+00 -0.45613E+01  0.30798E+01  0.39766E-04  0.27461E-04  0.14000E+00
-0.84619E+00 -0.45383E+01  0.30808E+01  0.41942E-04  0.28954E-04  0.14250E+00
-0.83863E+00 -0.45157E+01  0.30818E+01  0.44198E-04  0.30501E-04  0.14500E+00
-0.83121E+00 -0.44935E+01  0.30828E+01  0.46534E-04  0.32103E-04  0.14750E+00
-0.82391E+00 -0.44716E+01  0.30838E+01  0.48952E-04  0.33760E-04  0.15000E+00
-0.81673E+00 -0.44501E+01  0.30848E+01  0.51454E-04  0.35474E-04  0.15250E+00
-0.80967E+00 -0.44289E+01  0.30858E+01  0.54041E-04  0.37246E-04  0.15500E+00
-0.80272E+00 -0.44081E+01  0.30868E+01  0.56714E-04  0.39076E-04  0.15750E+00
-0.79588E+00 -0.43876E+01  0.30877E+01  0.59475E-04  0.40965E-04  0.16000E+00
-0.78915E+00 -0.43674E+01  0.30887E+01  0.62326E-04  0.42916E-04  0.16250E+00
-0.78252E+00 -0.43475E+01  0.30896E+01  0.65267E-04  0.44928E-04  0.16500E+00
-0.77599E+00 -0.43279E+01  0.30906E+01  0.68301E-04  0.47002E-04  0.16750E+00
-0.76955E+00 -0.43086E+01  0.30915E+01  0.71429E-04  0.49140E-04  0.17000E+00
-0.76321E+00 -0.42895E+01  0.30924E+01  0.74653E-04  0.51343E-04  0.17250E+00
-0.75696E+00 -0.42707E+01  0.30933E+01  0.77973E-04  0.53611E-04  0.17500E+00
-0.75080E+00 -0.42522E+01  0.30942E+01  0.81392E-04  0.55945E-04  0.17750E+00
-0.74473E+00 -0.42340E+01  0.30950E+01  0.84911E-04  0.58348E-04  0.18000E+00
-0.73874E+00 -0.42160E+01  0.30959E+01  0.88532E-04  0.60819E-04  0.18250E+00
-0.73283E+00 -0.41982E+01  0.30968E+01  0.92255E-04  0.63359E-04  0.18500E+00
-0.72700E+00 -0.41807E+01  0.30976E+01  0.96083E-04  0.65970E-04  0.18750E+00
-0.72125E+00 -0.41633E+01  0.30984E+01  0.10002E-03  0.68653E-04  0.19000E+00
-0.71557E+00 -0.41463E+01  0.30993E+01  0.10406E-03  0.71408E-04  0.19250E+00
-0.70997E+00 -0.41294E+01  0.31001E+01  0.10821E-03  0.74236E-04  0.19500E+00
-0.70443E+00 -0.41127E+01  0.31009E+01  0.11247E-03  0.77139E-04  0.19750E+00
-0.69897E+00 -0.40963E+01  0.31017E+01  0.11684E-03  0.80118E-04  0.20000E+00
-0.69357E+00 -0.40800E+01  0.31025E+01  0.12133E-03  0.83173E-04  0.20250E+00
-0.68825E+00 -0.40640E+01  0.31033E+01  0.12593E-03  0.86305E-04  0.20500E+00
-0.68298E+00 -0.40481E+01  0.31040E+01  0.13065E-03  0.89516E-04  0.20750E+00
-0.67778E+00 -0.40324E+01  0.31048E+01  0.13548E-03  0.92806E-04  0.21000E+00
-0.67264E+00 -0.40169E+01  0.31056E+01  0.14044E-03  0.96176E-04  0.21250E+00
-0.66756E+00 -0.40016E+01  0.31063E+01  0.14551E-03  0.99627E-04  0.21500E+00
-0.66254E+00 -0.39865E+01  0.31071E+01  0.15071E-03  0.10316E-03  0.21750E+00
-0.65758E+00 -0.39715E+01  0.31078E+01  0.15603E-03  0.10678E-03  0.22000E+00
-0.65267E+00 -0.39567E+01  0.31085E+01  0.16148E-03  0.11048E-03  0.22250E+00
-0.64782E+00 -0.39421E+01  0.31093E+01  0.16705E-03  0.11426E-03  0.22500E+00
-0.64302E+00 -0.39276E+01  0.31100E+01  0.17275E-03  0.11814E-03  0.22750E+00
-0.63827E+00 -0.39133E+01  0.31107E+01  0.17858E-03  0.12209E-03  0.23000E+00
-0.63358E+00 -0.38991E+01  0.31114E+01  0.18454E-03  0.12614E-03  0.23250E+00
-0.62893E+00 -0.38851E+01  0.31121E+01  0.19063E-03  0.13027E-03  0.23500E+00
-0.62434E+00 -0.38713E+01  0.31128E+01  0.19685E-03  0.13450E-03  0.23750E+00
-0.61979E+00 -0.38576E+01  0.31135E+01  0.20321E-03  0.13881E-03  0.24000E+00
-0.61529E+00 -0.38440E+01  0.31141E+01  0.20970E-03  0.14322E-03  0.24250E+00
-0.61083E+00 -0.38306E+01  0.31148E+01  0.21634E-03  0.14771E-03  0.24500E+00
-0.60642E+00 -0.38173E+01  0.31155E+01  0.22311E-03  0.15230E-03  0.24750E+00
-0.60206E+00 -0.38041E+01  0.31162E+01  0.23002E-03  0.15699E-03  0.25000E+00
-0.59774E+00 -0.37911E+01  0.31168E+01  0.23707E-03  0.16176E-03  0.25250E+00
-0.59346E+00 -0.37782E+01  0.31175E+01  0.24426E-03  0.16664E-03  0.25500E+00
-0.58922E+00 -0.37655E+01  0.31181E+01  0.25159E-03  0.17161E-03  0.25750E+00
-0.58503E+00 -0.37528E+01  0.31188E+01  0.25907E-03  0.17667E-03  0.26000E+00
-0.58087E+00 -0.37403E+01  0.31194E+01  0.26670E-03  0.18183E-03  0.26250E+00
-0.57675E+00 -0.37279E+01  0.31200E+01  0.27447E-03  0.18709E-03  0.26500E+00
-0.57268E+00 -0.37157E+01  0.31207E+01  0.28239E-03  0.19245E-03  0.26750E+00
-0.56864E+00 -0.37035E+01  0.31213E+01  0.29046E-03  0.19791E-03  0.27000E+00
-0.56463E+00 -0.36915E+01  0.31219E+01  0.29868E-03  0.20347E-03  0.27250E+00
-0.56067E+00 -0.36796E+01  0.31226E+01  0.30705E-03  0.20913E-03  0.27500E+00
-0.55674E+00 -0.36678E+01  0.31232E+01  0.31557E-03  0.21489E-03  0.27750E+00
-0.55284E+00 -0.36561E+01  0.31238E+01  0.32424E-03  0.22075E-03  0.28000E+00
-0.54898E+00 -0.36445E+01  0.31244E+01  0.33307E-03  0.22672E-03  0.28250E+00
-0.54516E+00 -0.36330E+01  0.31250E+01  0.34205E-03  0.23279E-03  0.28500E+00
-0.54136E+00 -0.36217E+01  0.31256E+01  0.35119E-03  0.23896E-03  0.28750E+00
-0.53760E+00 -0.36104E+01  0.31262E+01  0.36048E-03  0.24524E-03  0.29000E+00
-0.53387E+00 -0.35993E+01  0.31269E+01  0.36993E-03  0.25162E-03  0.29250E+00
-0.53018E+00 -0.35882E+01  0.31275E+01  0.37954E-03  0.25810E-03  0.29500E+00
-0.52651E+00 -0.35773E+01  0.31281E+01  0.38931E-03  0.26470E-03  0.29750E+00
-0.52288E+00 -0.35664E+01  0.31287E+01  0.39924E-03  0.27139E-03  0.30000E+00
-0.51927E+00 -0.35556E+01  0.31293E+01  0.40933E-03  0.27820E-03  0.30250E+00
-0.51570E+00 -0.35450E+01  0.31299E+01  0.41957E-03  0.28511E-03  0.30500E+00
-0.51215E+00 -0.35344E+01  0.31305E+01  0.42998E-03  0.29213E-03  0.30750E+00
-0.50864E+00 -0.35240E+01  0.31311E+01  0.44056E-03  0.29925E-03  0.31000E+00
-0.50515E+00 -0.35136E+01  0.31317E+01  0.45129E-03  0.30648E-03  0.31250E+00
-0.50169E+00 -0.35033E+01  0.31323E+01  0.46219E-03  0.31382E-03  0.31500E+00
-0.49826E+00 -0.34931E+01  0.31329E+01  0.47324E-03  0.32127E-03  0.31750E+00
-0.49485E+00 -0.34830E+01  0.31335E+01  0.48447E-03  0.32883E-03  0.32000E+00
-0.49147E+00 -0.34730E+01  0.31341E+01  0.49585E-03  0.33649E-03  0.32250E+00
-0.48812E+00 -0.34631E+01  0.31347E+01  0.50741E-03  0.34426E-03  0.32500E+00
-0.48479E+00 -0.34533E+01  0.31353E+01  0.51912E-03  0.35214E-03  0.32750E+00
-0.48149E+00 -0.34435E+01  0.31359E+01  0.53100E-03  0.36013E-03  0.33000E+00
-0.47821E+00 -0.34339E+01  0.31365E+01  0.54305E-03  0.36823E-03  0.33250E+00
-0.47496E+00 -0.34243E+01  0.31371E+01  0.55526E-03  0.37644E-03  0.33500E+00
-0.47173E+00 -0.34148E+01  0.31377E+01  0.56763E-03  0.38475E-03  0.33750E+00
-0.46852E+00 -0.34054E+01  0.31383E+01  0.58017E-03  0.39318E-03  0.34000E+00
-0.46534E+00 -0.33961E+01  0.31389E+01  0.59287E-03  0.40171E-03  0.34250E+00
-0.46218E+00 -0.33868E+01  0.31395E+01  0.60574E-03  0.41035E-03  0.34500E+00
-0.45905E+00 -0.33777E+01  0.31401E+01  0.61877E-03  0.41910E-03  0.34750E+00
-0.45593E+00 -0.33686E+01  0.31407E+01  0.63197E-03  0.42795E-03  0.35000E+00
-0.45284E+00 -0.33596E+01  0.31413E+01  0.64533E-03  0.43691E-03  0.35250E+00
-0.44977E+00 -0.33507E+01  0.31420E+01  0.65886E-03  0.44598E-03  0.35500E+00
-0.44672E+00 -0.33418E+01  0.31426E+01  0.67254E-03  0.45515E-03  0.35750E+00
-0.44370E+00 -0.33331E+01  0.31432E+01  0.68639E-03  0.46443E-03  0.36000E+00
-0.44069E+00 -0.33244E+01  0.31438E+01  0.70040E-03  0.47382E-03  0.36250E+00
-0.43771E+00 -0.33158E+01  0.31445E+01  0.71458E-03  0.48331E-03  0.36500E+00
-0.43474E+00 -0.33072E+01  0.31451E+01  0.72891E-03  0.49290E-03  0.36750E+00
-0.43180E+00 -0.32988E+01  0.31458E+01  0.74340E-03  0.50260E-03  0.37000E+00
-0.42887E+00 -0.32904E+01  0.31464E+01  0.75806E-03  0.51240E-03  0.37250E+00
-0.42597E+00 -0.32821E+01  0.31471E+01  0.77287E-03  0.52231E-03  0.37500E+00
-0.42308E+00 -0.32738E+01  0.31477E+01  0.78783E-03  0.53231E-03  0.37750E+00
-0.42022E+00 -0.32657E+01  0.31484E+01  0.80296E-03  0.54241E-03  0.38000E+00
-0.41737E+00 -0.32576E+01  0.31490E+01  0.81824E-03  0.55262E-03  0.38250E+00
-0.41454E+00 -0.32496E+01  0.31497E+01  0.83367E-03  0.56292E-03  0.38500E+00
-0.41173E+00 -0.32416E+01  0.31504E+01  0.84925E-03  0.57332E-03  0.38750E+00
-0.40894E+00 -0.32337E+01  0.31511E+01  0.86499E-03  0.58382E-03  0.39000E+00
-0.40616E+00 -0.32259E+01  0.31518E+01  0.88087E-03  0.59441E-03  0.39250E+00
-0.40340E+00 -0.32182E+01  0.31525E+01  0.89691E-03  0.60510E-03  0.39500E+00
-0.40066E+00 -0.32105E+01  0.31532E+01  0.91309E-03  0.61587E-03  0.39750E+00
-0.39794E+00 -0.32029E+01  0.31539E+01  0.92942E-03  0.62675E-03  0.40000E+00
-0.39523E+00 -0.31954E+01  0.31546E+01  0.94589E-03  0.63771E-03  0.40250E+00
-0.39254E+00 -0.31879E+01  0.31553E+01  0.96250E-03  0.64876E-03  0.40500E+00
-0.38987E+00 -0.31805E+01  0.31560E+01  0.97925E-03  0.65989E-03  0.40750E+00
-0.38722E+00 -0.31732E+01  0.31568E+01  0.99613E-03  0.67112E-03  0.41000E+00
-0.38458E+00 -0.31659E+01  0.31575E+01  0.10132E-02  0.68243E-03  0.41250E+00
-0.38195E+00 -0.31588E+01  0.31583E+01  0.10303E-02  0.69382E-03  0.41500E+00
-0.37934E+00 -0.31516E+01  0.31590E+01  0.10476E-02  0.70529E-03  0.41750E+00
-0.37675E+00 -0.31446E+01  0.31598E+01  0.10650E-02  0.71684E-03  0.42000E+00
-0.37417E+00 -0.31376E+01  0.31606E+01  0.10826E-02  0.72847E-03  0.42250E+00
-0.37161E+00 -0.31307E+01  0.31614E+01  0.11002E-02  0.74017E-03  0.42500E+00
-0.36906E+00 -0.31238E+01  0.31622E+01  0.11180E-02  0.75195E-03  0.42750E+00
-0.36653E+00 -0.31170E+01  0.31630E+01  0.11359E-02  0.76379E-03  0.43000E+00
-0.36401E+00 -0.31103E+01  0.31638E+01  0.11539E-02  0.77571E-03  0.43250E+00
-0.36151E+00 -0.31036E+01  0.31646E+01  0.11721E-02  0.78769E-03  0.43500E+00
-0.35902E+00 -0.30970E+01  0.31655E+01  0.11903E-02  0.79974E-03  0.43750E+00
-0.35655E+00 -0.30905E+01  0.31663E+01  0.12087E-02  0.81185E-03  0.44000E+00
-0.35409E+00 -0.30841E+01  0.31672E+01  0.12271E-02  0.82402E-03  0.44250E+00
-0.35164E+00 -0.30777E+01  0.31681E+01  0.12457E-02  0.83625E-03  0.44500E+00
-0.34921E+00 -0.30713E+01  0.31689E+01  0.12643E-02  0.84854E-03  0.44750E+00
-0.34679E+00 -0.30651E+01  0.31698E+01  0.12831E-02  0.86087E-03  0.45000E+00
-0.34438E+00 -0.30589E+01  0.31708E+01  0.13019E-02  0.87326E-03  0.45250E+00
-0.34199E+00 -0.30527E+01  0.31717E+01  0.13208E-02  0.88569E-03  0.45500E+00
-0.33961E+00 -0.30466E+01  0.31726E+01  0.13398E-02  0.89817E-03  0.45750E+00
-0.33724E+00 -0.30406E+01  0.31736E+01  0.13589E-02  0.91068E-03  0.46000E+00
-0.33489E+00 -0.30347E+01  0.31745E+01  0.13781E-02  0.92324E-03  0.46250E+00
-0.33255E+00 -0.30288E+01  0.31755E+01  0.13973E-02  0.93583E-03  0.46500E+00
-0.33022E+00 -0.30230E+01  0.31765E+01  0.14166E-02  0.94845E-03  0.46750E+00
-0.32790E+00 -0.30172E+01  0.31775E+01  0.14359E-02  0.96110E-03  0.47000E+00
-0.32560E+00 -0.30115E+01  0.31785E+01  0.14553E-02  0.97378E-03  0.47250E+00
-0.32331E+00 -0.30059E+01  0.31796E+01  0.14748E-02  0.98648E-03  0.47500E+00
-0.32103E+00 -0.30003E+01  0.31806E+01  0.14943E-02  0.99920E-03  0.47750E+00
-0.31876E+00 -0.29949E+01  0.31817E+01  0.15138E-02  0.10119E-02  0.48000E+00
-0.31650E+00 -0.29894E+01  0.31828E+01  0.15334E-02  0.10247E-02  0.48250E+00
-0.31426E+00 -0.29840E+01  0.31839E+01  0.15530E-02  0.10374E-02  0.48500E+00
-0.31203E+00 -0.29787E+01  0.31850E+01  0.15727E-02  0.10502E-02  0.48750E+00
-0.30980E+00 -0.29735E+01  0.31861E+01  0.15924E-02  0.10629E-02  0.49000E+00
-0.30759E+00 -0.29683E+01  0.31873E+01  0.16121E-02  0.10757E-02  0.49250E+00
-0.30539E+00 -0.29632E+01  0.31885E+01  0.16318E-02  0.10884E-02  0.49500E+00
-0.30321E+00 -0.29582E+01  0.31897E+01  0.16515E-02  0.11012E-02  0.49750E+00
-0.30103E+00 -0.29532E+01  0.31909E+01  0.16712E-02  0.11139E-02  0.50000E+00
-0.29886E+00 -0.29482E+01  0.31921E+01  0.16909E-02  0.11266E-02  0.50250E+00
-0.29671E+00 -0.29434E+01  0.31934E+01  0.17106E-02  0.11392E-02  0.50500E+00
-0.29456E+00 -0.29386E+01  0.31947E+01  0.17302E-02  0.11519E-02  0.50750E+00
-0.29243E+00 -0.29339E+01  0.31960E+01  0.17499E-02  0.11645E-02  0.51000E+00
-0.29031E+00 -0.29292E+01  0.31973E+01  0.17695E-02  0.11770E-02  0.51250E+00
-0.28819E+00 -0.29246E+01  0.31986E+01  0.17891E-02  0.11896E-02  0.51500E+00
-0.28609E+00 -0.29201E+01  0.32000E+01  0.18086E-02  0.12020E-02  0.51750E+00
-0.28400E+00 -0.29156E+01  0.32014E+01  0.18281E-02  0.12145E-02  0.52000E+00
-0.28191E+00 -0.29112E+01  0.32028E+01  0.18475E-02  0.12268E-02  0.52250E+00
-0.27984E+00 -0.29069E+01  0.32043E+01  0.18669E-02  0.12391E-02  0.52500E+00
-0.27778E+00 -0.29026E+01  0.32058E+01  0.18862E-02  0.12514E-02  0.52750E+00
-0.27572E+00 -0.28984E+01  0.32073E+01  0.19054E-02  0.12635E-02  0.53000E+00
-0.27368E+00 -0.28943E+01  0.32088E+01  0.19246E-02  0.12756E-02  0.53250E+00
-0.27165E+00 -0.28902E+01  0.32103E+01  0.19436E-02  0.12876E-02  0.53500E+00
-0.26962E+00 -0.28862E+01  0.32119E+01  0.19626E-02  0.12995E-02  0.53750E+00
-0.26761E+00 -0.28823E+01  0.32136E+01  0.19814E-02  0.13113E-02  0.54000E+00
-0.26560E+00 -0.28784E+01  0.32152E+01  0.20001E-02  0.13231E-02  0.54250E+00
-0.26360E+00 -0.28746E+01  0.32169E+01  0.20188E-02  0.13347E-02  0.54500E+00
-0.26162E+00 -0.28709E+01  0.32186E+01  0.20372E-02  0.13462E-02  0.54750E+00
-0.25964E+00 -0.28672E+01  0.32204E+01  0.20556E-02  0.13575E-02  0.55000E+00
-0.25767E+00 -0.28637E+01  0.32221E+01  0.20738E-02  0.13688E-02  0.55250E+00
-0.25571E+00 -0.28601E+01  0.32240E+01  0.20918E-02  0.13799E-02  0.55500E+00
-0.25376E+00 -0.28567E+01  0.32258E+01  0.21097E-02  0.13909E-02  0.55750E+00
-0.25181E+00 -0.28533E+01  0.32277E+01  0.21274E-02  0.14018E-02  0.56000E+00
-0.24988E+00 -0.28500E+01  0.32296E+01  0.21449E-02  0.14125E-02  0.56250E+00
-0.24795E+00 -0.28468E+01  0.32316E+01  0.21623E-02  0.14231E-02  0.56500E+00
-0.24603E+00 -0.28436E+01  0.32336E+01  0.21794E-02  0.14334E-02  0.56750E+00
-0.24413E+00 -0.28405E+01  0.32357E+01  0.21964E-02  0.14437E-02  0.57000E+00
-0.24222E+00 -0.28375E+01  0.32378E+01  0.22131E-02  0.14537E-02  0.57250E+00
-0.24033E+00 -0.28346E+01  0.32399E+01  0.22296E-02  0.14636E-02  0.57500E+00
-0.23845E+00 -0.28317E+01  0.32421E+01  0.22459E-02  0.14733E-02  0.57750E+00
-0.23657E+00 -0.28289E+01  0.32444E+01  0.22620E-02  0.14828E-02  0.58000E+00
-0.23470E+00 -0.28262E+01  0.32466E+01  0.22778E-02  0.14921E-02  0.58250E+00
-0.23284E+00 -0.28236E+01  0.32490E+01  0.22933E-02  0.15012E-02  0.58500E+00
-0.23099E+00 -0.28210E+01  0.32514E+01  0.23086E-02  0.15101E-02  0.58750E+00
-0.22915E+00 -0.28185E+01  0.32538E+01  0.23235E-02  0.15187E-02  0.59000E+00
-0.22731E+00 -0.28161E+01  0.32563E+01  0.23383E-02  0.15272E-02  0.59250E+00
-0.22548E+00 -0.28138E+01  0.32589E+01  0.23527E-02  0.15354E-02  0.59500E+00
-0.22366E+00 -0.28115E+01  0.32615E+01  0.23668E-02  0.15434E-02  0.59750E+00
-0.22185E+00 -0.28094E+01  0.32641E+01  0.23806E-02  0.15511E-02  0.60000E+00
-0.22004E+00 -0.28073E+01  0.32669E+01  0.23940E-02  0.15586E-02  0.60250E+00
-0.21824E+00 -0.28053E+01  0.32697E+01  0.24072E-02  0.15658E-02  0.60500E+00
-0.21645E+00 -0.28034E+01  0.32725E+01  0.24199E-02  0.15727E-02  0.60750E+00
-0.21467E+00 -0.28015E+01  0.32755E+01  0.24324E-02  0.15794E-02  0.61000E+00
-0.21289E+00 -0.27998E+01  0.32785E+01  0.24445E-02  0.15858E-02  0.61250E+00
-0.21112E+00 -0.27981E+01  0.32815E+01  0.24562E-02  0.15919E-02  0.61500E+00
-0.20936E+00 -0.27965E+01  0.32847E+01  0.24675E-02  0.15977E-02  0.61750E+00
-0.20761E+00 -0.27950E+01  0.32879E+01  0.24784E-02  0.16032E-02  0.62000E+00
-0.20586E+00 -0.27936E+01  0.32912E+01  0.24889E-02  0.16083E-02  0.62250E+00
-0.20412E+00 -0.27923E+01  0.32946E+01  0.24991E-02  0.16132E-02  0.62500E+00
-0.20239E+00 -0.27911E+01  0.32981E+01  0.25087E-02  0.16178E-02  0.62750E+00
-0.20066E+00 -0.27900E+01  0.33017E+01  0.25180E-02  0.16220E-02  0.63000E+00
-0.19894E+00 -0.27889E+01  0.33053E+01  0.25268E-02  0.16259E-02  0.63250E+00
-0.19723E+00 -0.27880E+01  0.33091E+01  0.25352E-02  0.16294E-02  0.63500E+00
-0.19552E+00 -0.27871E+01  0.33129E+01  0.25431E-02  0.16326E-02  0.63750E+00
-0.19382E+00 -0.27864E+01  0.33169E+01  0.25506E-02  0.16354E-02  0.64000E+00
-0.19213E+00 -0.27857E+01  0.33210E+01  0.25576E-02  0.16379E-02  0.64250E+00
-0.19044E+00 -0.27852E+01  0.33251E+01  0.25641E-02  0.16400E-02  0.64500E+00
-0.18876E+00 -0.27847E+01  0.33294E+01  0.25700E-02  0.16417E-02  0.64750E+00
-0.18709E+00 -0.27843E+01  0.33338E+01  0.25755E-02  0.16431E-02  0.65000E+00
-0.18542E+00 -0.27841E+01  0.33384E+01  0.25805E-02  0.16440E-02  0.65250E+00
-0.18376E+00 -0.27840E+01  0.33430E+01  0.25850E-02  0.16445E-02  0.65500E+00
-0.18210E+00 -0.27839E+01  0.33478E+01  0.25889E-02  0.16447E-02  0.65750E+00
-0.18046E+00 -0.27840E+01  0.33527E+01  0.25923E-02  0.16444E-02  0.66000E+00
-0.17881E+00 -0.27842E+01  0.33578E+01  0.25951E-02  0.16437E-02  0.66250E+00
-0.17718E+00 -0.27845E+01  0.33630E+01  0.25974E-02  0.16426E-02  0.66500E+00
-0.17555E+00 -0.27849E+01  0.33684E+01  0.25991E-02  0.16411E-02  0.66750E+00
-0.17393E+00 -0.27854E+01  0.33739E+01  0.26003E-02  0.16391E-02  0.67000E+00
-0.17231E+00 -0.27860E+01  0.33796E+01  0.26009E-02  0.16367E-02  0.67250E+00
-0.17070E+00 -0.27868E+01  0.33855E+01  0.26009E-02  0.16339E-02  0.67500E+00
-0.16909E+00 -0.27877E+01  0.33915E+01  0.26003E-02  0.16306E-02  0.67750E+00
-0.16749E+00 -0.27886E+01  0.33978E+01  0.25991E-02  0.16269E-02  0.68000E+00
-0.16590E+00 -0.27898E+01  0.34042E+01  0.25973E-02  0.16227E-02  0.68250E+00
-0.16431E+00 -0.27910E+01  0.34108E+01  0.25949E-02  0.16180E-02  0.68500E+00
-0.16273E+00 -0.27924E+01  0.34177E+01  0.25919E-02  0.16129E-02  0.68750E+00
-0.16115E+00 -0.27939E+01  0.34248E+01  0.25882E-02  0.16073E-02  0.69000E+00
-0.15958E+00 -0.27955E+01  0.34321E+01  0.25840E-02  0.16012E-02  0.69250E+00
-0.15802E+00 -0.27973E+01  0.34396E+01  0.25791E-02  0.15947E-02  0.69500E+00
-0.15646E+00 -0.27992E+01  0.34474E+01  0.25736E-02  0.15877E-02  0.69750E+00
-0.15490E+00 -0.28013E+01  0.34555E+01  0.25675E-02  0.15802E-02  0.70000E+00
-0.15335E+00 -0.28035E+01  0.34638E+01  0.25607E-02  0.15723E-02  0.70250E+00
-0.15181E+00 -0.28058E+01  0.34725E+01  0.25533E-02  0.15638E-02  0.70500E+00
-0.15027E+00 -0.28083E+01  0.34814E+01  0.25453E-02  0.15549E-02  0.70750E+00
-0.14874E+00 -0.28109E+01  0.34907E+01  0.25367E-02  0.15455E-02  0.71000E+00
-0.14722E+00 -0.28137E+01  0.35002E+01  0.25274E-02  0.15357E-02  0.71250E+00
-0.14569E+00 -0.28166E+01  0.35102E+01  0.25175E-02  0.15253E-02  0.71500E+00
-0.14418E+00 -0.28197E+01  0.35204E+01  0.25069E-02  0.15145E-02  0.71750E+00
-0.14267E+00 -0.28230E+01  0.35311E+01  0.24957E-02  0.15032E-02  0.72000E+00
-0.14116E+00 -0.28264E+01  0.35422E+01  0.24840E-02  0.14914E-02  0.72250E+00
-0.13966E+00 -0.28300E+01  0.35536E+01  0.24716E-02  0.14792E-02  0.72500E+00
-0.13817E+00 -0.28337E+01  0.35655E+01  0.24586E-02  0.14665E-02  0.72750E+00
-0.13668E+00 -0.28376E+01  0.35779E+01  0.24450E-02  0.14534E-02  0.73000E+00
-0.13519E+00 -0.28417E+01  0.35908E+01  0.24308E-02  0.14398E-02  0.73250E+00
-0.13371E+00 -0.28460E+01  0.36041E+01  0.24161E-02  0.14257E-02  0.73500E+00
-0.13224E+00 -0.28504E+01  0.36180E+01  0.24008E-02  0.14113E-02  0.73750E+00
-0.13077E+00 -0.28550E+01  0.36324E+01  0.23849E-02  0.13964E-02  0.74000E+00
-0.12930E+00 -0.28598E+01  0.36473E+01  0.23686E-02  0.13811E-02  0.74250E+00
-0.12784E+00 -0.28647E+01  0.36629E+01  0.23517E-02  0.13655E-02  0.74500E+00
-0.12639E+00 -0.28699E+01  0.36791E+01  0.23343E-02  0.13494E-02  0.74750E+00
-0.12494E+00 -0.28752E+01  0.36960E+01  0.23165E-02  0.13330E-02  0.75000E+00
-0.12349E+00 -0.28807E+01  0.37135E+01  0.22982E-02  0.13162E-02  0.75250E+00
-0.12205E+00 -0.28864E+01  0.37318E+01  0.22795E-02  0.12991E-02  0.75500E+00
-0.12062E+00 -0.28922E+01  0.37508E+01  0.22604E-02  0.12817E-02  0.75750E+00
-0.11919E+00 -0.28982E+01  0.37706E+01  0.22410E-02  0.12640E-02  0.76000E+00
-0.11776E+00 -0.29044E+01  0.37912E+01  0.22213E-02  0.12461E-02  0.76250E+00
-0.11634E+00 -0.29108E+01  0.38126E+01  0.22013E-02  0.12279E-02  0.76500E+00
-0.11492E+00 -0.29174E+01  0.38349E+01  0.21810E-02  0.12096E-02  0.76750E+00
-0.11351E+00 -0.29241E+01  0.38581E+01  0.21606E-02  0.11911E-02  0.77000E+00
-0.11210E+00 -0.29309E+01  0.38822E+01  0.21401E-02  0.11724E-02  0.77250E+00
-0.11070E+00 -0.29379E+01  0.39072E+01  0.21195E-02  0.11537E-02  0.77500E+00
-0.10930E+00 -0.29450E+01  0.39332E+01  0.20989E-02  0.11350E-02  0.77750E+00
-0.10791E+00 -0.29523E+01  0.39601E+01  0.20784E-02  0.11162E-02  0.78000E+00
-0.10652E+00 -0.29596E+01  0.39880E+01  0.20580E-02  0.10975E-02  0.78250E+00
-0.10513E+00 -0.29670E+01  0.40168E+01  0.20379E-02  0.10790E-02  0.78500E+00
-0.10375E+00 -0.29744E+01  0.40465E+01  0.20181E-02  0.10607E-02  0.78750E+00
-0.10237E+00 -0.29819E+01  0.40771E+01  0.19987E-02  0.10426E-02  0.79000E+00
-0.10100E+00 -0.29893E+01  0.41084E+01  0.19799E-02  0.10249E-02  0.79250E+00
-0.99633E-01 -0.29967E+01  0.41405E+01  0.19618E-02  0.10077E-02  0.79500E+00
-0.98269E-01 -0.30039E+01  0.41731E+01  0.19446E-02  0.99106E-03  0.79750E+00
-0.96910E-01 -0.30109E+01  0.42060E+01  0.19284E-02  0.97511E-03  0.80000E+00
-0.95555E-01 -0.30177E+01  0.42391E+01  0.19134E-02  0.95999E-03  0.80250E+00
-0.94204E-01 -0.30242E+01  0.42720E+01  0.18999E-02  0.94588E-03  0.80500E+00
-0.92857E-01 -0.30301E+01  0.43043E+01  0.18882E-02  0.93299E-03  0.80750E+00
-0.91515E-01 -0.30355E+01  0.43355E+01  0.18786E-02  0.92158E-03  0.81000E+00
-0.90177E-01 -0.30400E+01  0.43649E+01  0.18716E-02  0.91196E-03  0.81250E+00
-0.88842E-01 -0.30436E+01  0.43915E+01  0.18678E-02  0.90458E-03  0.81500E+00
-0.87512E-01 -0.30457E+01  0.44142E+01  0.18682E-02  0.90011E-03  0.81750E+00
-0.86186E-01 -0.30458E+01  0.44305E+01  0.18746E-02  0.89986E-03  0.82000E+00
-0.84864E-01 -0.30421E+01  0.44341E+01  0.18923E-02  0.90764E-03  0.82250E+00
-0.83546E-01 -0.30373E+01  0.44341E+01  0.19134E-02  0.91773E-03  0.82500E+00
-0.82232E-01 -0.30325E+01  0.44342E+01  0.19346E-02  0.92789E-03  0.82750E+00
-0.80922E-01 -0.30277E+01  0.44342E+01  0.19559E-02  0.93813E-03  0.83000E+00
-0.79616E-01 -0.30230E+01  0.44343E+01  0.19775E-02  0.94844E-03  0.83250E+00
-0.78314E-01 -0.30183E+01  0.44343E+01  0.19991E-02  0.95882E-03  0.83500E+00
-0.77015E-01 -0.30136E+01  0.44344E+01  0.20210E-02  0.96928E-03  0.83750E+00
-0.75721E-01 -0.30089E+01  0.44345E+01  0.20429E-02  0.97981E-03  0.84000E+00
-0.74430E-01 -0.30042E+01  0.44345E+01  0.20651E-02  0.99042E-03  0.84250E+00
-0.73143E-01 -0.29995E+01  0.44346E+01  0.20874E-02  0.10011E-02  0.84500E+00
-0.71860E-01 -0.29949E+01  0.44347E+01  0.21098E-02  0.10118E-02  0.84750E+00
-0.70581E-01 -0.29903E+01  0.44348E+01  0.21325E-02  0.10227E-02  0.85000E+00
-0.69306E-01 -0.29857E+01  0.44348E+01  0.21552E-02  0.10336E-02  0.85250E+00
-0.68034E-01 -0.29811E+01  0.44349E+01  0.21782E-02  0.10445E-02  0.85500E+00
-0.66766E-01 -0.29765E+01  0.44350E+01  0.22012E-02  0.10556E-02  0.85750E+00
-0.65502E-01 -0.29720E+01  0.44351E+01  0.22245E-02  0.10667E-02  0.86000E+00
-0.64241E-01 -0.29674E+01  0.44353E+01  0.22479E-02  0.10779E-02  0.86250E+00
-0.62984E-01 -0.29629E+01  0.44354E+01  0.22714E-02  0.10892E-02  0.86500E+00
-0.61731E-01 -0.29584E+01  0.44355E+01  0.22951E-02  0.11005E-02  0.86750E+00
-0.60481E-01 -0.29539E+01  0.44356E+01  0.23189E-02  0.11119E-02  0.87000E+00
-0.59235E-01 -0.29495E+01  0.44357E+01  0.23429E-02  0.11234E-02  0.87250E+00
-0.57992E-01 -0.29450E+01  0.44359E+01  0.23671E-02  0.11349E-02  0.87500E+00
-0.56753E-01 -0.29406E+01  0.44360E+01  0.23914E-02  0.11465E-02  0.87750E+00
-0.55517E-01 -0.29362E+01  0.44362E+01  0.24159E-02  0.11582E-02  0.88000E+00
-0.54285E-01 -0.29318E+01  0.44363E+01  0.24405E-02  0.11700E-02  0.88250E+00
-0.53057E-01 -0.29275E+01  0.44365E+01  0.24653E-02  0.11818E-02  0.88500E+00
-0.51832E-01 -0.29231E+01  0.44367E+01  0.24902E-02  0.11937E-02  0.88750E+00
-0.50610E-01 -0.29188E+01  0.44368E+01  0.25152E-02  0.12057E-02  0.89000E+00
-0.49392E-01 -0.29145E+01  0.44370E+01  0.25405E-02  0.12177E-02  0.89250E+00
-0.48177E-01 -0.29102E+01  0.44372E+01  0.25658E-02  0.12298E-02  0.89500E+00
-0.46966E-01 -0.29059E+01  0.44374E+01  0.25913E-02  0.12420E-02  0.89750E+00
-0.45758E-01 -0.29016E+01  0.44376E+01  0.26170E-02  0.12542E-02  0.90000E+00
-0.44553E-01 -0.28974E+01  0.44378E+01  0.26428E-02  0.12665E-02  0.90250E+00
-0.43351E-01 -0.28932E+01  0.44381E+01  0.26688E-02  0.12789E-02  0.90500E+00
-0.42153E-01 -0.28890E+01  0.44383E+01  0.26949E-02  0.12914E-02  0.90750E+00
-0.40959E-01 -0.28848E+01  0.44385E+01  0.27211E-02  0.13039E-02  0.91000E+00
-0.39767E-01 -0.28806E+01  0.44388E+01  0.27475E-02  0.13164E-02  0.91250E+00
-0.38579E-01 -0.28764E+01  0.44390E+01  0.27741E-02  0.13291E-02  0.91500E+00
-0.37394E-01 -0.28723E+01  0.44393E+01  0.28007E-02  0.13418E-02  0.91750E+00
-0.36212E-01 -0.28682E+01  0.44395E+01  0.28276E-02  0.13546E-02  0.92000E+00
-0.35034E-01 -0.28641E+01  0.44398E+01  0.28545E-02  0.13674E-02  0.92250E+00
-0.33858E-01 -0.28600E+01  0.44401E+01  0.28816E-02  0.13803E-02  0.92500E+00
-0.32686E-01 -0.28560E+01  0.44404E+01  0.29089E-02  0.13932E-02  0.92750E+00
-0.31517E-01 -0.28519E+01  0.44407E+01  0.29362E-02  0.14063E-02  0.93000E+00
-0.30351E-01 -0.28479E+01  0.44410E+01  0.29638E-02  0.14193E-02  0.93250E+00
-0.29188E-01 -0.28439E+01  0.44413E+01  0.29914E-02  0.14325E-02  0.93500E+00
-0.28029E-01 -0.28399E+01  0.44416E+01  0.30192E-02  0.14457E-02  0.93750E+00
-0.26872E-01 -0.28360E+01  0.44420E+01  0.30471E-02  0.14590E-02  0.94000E+00
-0.25719E-01 -0.28320E+01  0.44423E+01  0.30752E-02  0.14723E-02  0.94250E+00
-0.24568E-01 -0.28281E+01  0.44427E+01  0.31034E-02  0.14857E-02  0.94500E+00
-0.23421E-01 -0.28242E+01  0.44430E+01  0.31317E-02  0.14991E-02  0.94750E+00
-0.22276E-01 -0.28203E+01  0.44434E+01  0.31602E-02  0.15126E-02  0.95000E+00
-0.21135E-01 -0.28164E+01  0.44438E+01  0.31887E-02  0.15261E-02  0.95250E+00
-0.19997E-01 -0.28126E+01  0.44442E+01  0.32174E-02  0.15397E-02  0.95500E+00
-0.18861E-01 -0.28087E+01  0.44446E+01  0.32463E-02  0.15534E-02  0.95750E+00
-0.17729E-01 -0.28049E+01  0.44450E+01  0.32752E-02  0.15671E-02  0.96000E+00
-0.16599E-01 -0.28011E+01  0.44454E+01  0.33043E-02  0.15809E-02  0.96250E+00
-0.15473E-01 -0.27973E+01  0.44458E+01  0.33335E-02  0.15947E-02  0.96500E+00
-0.14349E-01 -0.27936E+01  0.44463E+01  0.33628E-02  0.16086E-02  0.96750E+00
-0.13228E-01 -0.27898E+01  0.44467E+01  0.33923E-02  0.16225E-02  0.97000E+00
-0.12110E-01 -0.27861E+01  0.44472E+01  0.34218E-02  0.16364E-02  0.97250E+00
-0.10995E-01 -0.27824E+01  0.44477E+01  0.34515E-02  0.16505E-02  0.97500E+00
-0.98832E-02 -0.27787E+01  0.44481E+01  0.34813E-02  0.16645E-02  0.97750E+00
-0.87739E-02 -0.27750E+01  0.44486E+01  0.35112E-02  0.16786E-02  0.98000E+00
-0.76675E-02 -0.27714E+01  0.44491E+01  0.35412E-02  0.16928E-02  0.98250E+00
-0.65638E-02 -0.27678E+01  0.44497E+01  0.35714E-02  0.17070E-02  0.98500E+00
-0.54629E-02 -0.27642E+01  0.44502E+01  0.36016E-02  0.17212E-02  0.98750E+00
-0.43648E-02 -0.27606E+01  0.44507E+01  0.36319E-02  0.17355E-02  0.99000E+00
-0.32695E-02 -0.27570E+01  0.44513E+01  0.36624E-02  0.17499E-02  0.99250E+00
-0.21769E-02 -0.27534E+01  0.44518E+01  0.36929E-02  0.17642E-02  0.99500E+00
-0.10871E-02 -0.27499E+01  0.44524E+01  0.37236E-02  0.17787E-02  0.99750E+00
-0.97072E-08 -0.27464E+01  0.44530E+01  0.37544E-02  0.17931E-02  0.10000E+01
 0.10844E-02 -0.27429E+01  0.44536E+01  0.37852E-02  0.18076E-02  0.10025E+01
 0.21661E-02 -0.27394E+01  0.44542E+01  0.38162E-02  0.18221E-02  0.10050E+01
 0.32450E-02 -0.27360E+01  0.44548E+01  0.38472E-02  0.18367E-02  0.10075E+01
 0.43214E-02 -0.27325E+01  0.44555E+01  0.38783E-02  0.18513E-02  0.10100E+01
 0.53950E-02 -0.27291E+01  0.44561E+01  0.39096E-02  0.18659E-02  0.10125E+01
 0.64660E-02 -0.27257E+01  0.44568E+01  0.39409E-02  0.18806E-02  0.10150E+01
 0.75344E-02 -0.27223E+01  0.44574E+01  0.39723E-02  0.18953E-02  0.10175E+01
 0.86002E-02 -0.27190E+01  0.44581E+01  0.40038E-02  0.19100E-02  0.10200E+01
 0.96633E-02 -0.27156E+01  0.44588E+01  0.40353E-02  0.19248E-02  0.10225E+01
 0.10724E-01 -0.27123E+01  0.44595E+01  0.40670E-02  0.19396E-02  0.10250E+01
 0.11782E-01 -0.27090E+01  0.44603E+01  0.40987E-02  0.19544E-02  0.10275E+01
 0.12837E-01 -0.27057E+01  0.44610E+01  0.41305E-02  0.19692E-02  0.10300E+01
 0.13890E-01 -0.27024E+01  0.44617E+01  0.41624E-02  0.19841E-02  0.10325E+01
 0.14940E-01 -0.26992E+01  0.44625E+01  0.41944E-02  0.19990E-02  0.10350E+01
 0.15988E-01 -0.26960E+01  0.44633E+01  0.42264E-02  0.20139E-02  0.10375E+01
 0.17033E-01 -0.26928E+01  0.44641E+01  0.42585E-02  0.20288E-02  0.10400E+01
 0.18076E-01 -0.26896E+01  0.44649E+01  0.42906E-02  0.20438E-02  0.10425E+01
 0.19116E-01 -0.26864E+01  0.44657E+01  0.43228E-02  0.20588E-02  0.10450E+01
 0.20154E-01 -0.26832E+01  0.44665E+01  0.43551E-02  0.20737E-02  0.10475E+01
 0.21189E-01 -0.26801E+01  0.44674E+01  0.43874E-02  0.20887E-02  0.10500E+01
 0.22222E-01 -0.26770E+01  0.44682E+01  0.44198E-02  0.21038E-02  0.10525E+01
 0.23252E-01 -0.26739E+01  0.44691E+01  0.44523E-02  0.21188E-02  0.10550E+01
 0.24280E-01 -0.26708E+01  0.44700E+01  0.44848E-02  0.21338E-02  0.10575E+01
 0.25306E-01 -0.26678E+01  0.44709E+01  0.45173E-02  0.21489E-02  0.10600E+01
 0.26329E-01 -0.26648E+01  0.44718E+01  0.45499E-02  0.21639E-02  0.10625E+01
 0.27350E-01 -0.26617E+01  0.44728E+01  0.45826E-02  0.21790E-02  0.10650E+01
 0.28368E-01 -0.26587E+01  0.44737E+01  0.46152E-02  0.21941E-02  0.10675E+01
 0.29384E-01 -0.26558E+01  0.44747E+01  0.46480E-02  0.22091E-02  0.10700E+01
 0.30397E-01 -0.26528E+01  0.44757E+01  0.46807E-02  0.22242E-02  0.10725E+01
 0.31408E-01 -0.26499E+01  0.44767E+01  0.47135E-02  0.22393E-02  0.10750E+01
 0.32417E-01 -0.26470E+01  0.44777E+01  0.47463E-02  0.22544E-02  0.10775E+01
 0.33424E-01 -0.26441E+01  0.44787E+01  0.47792E-02  0.22695E-02  0.10800E+01
 0.34428E-01 -0.26412E+01  0.44798E+01  0.48120E-02  0.22845E-02  0.10825E+01
 0.35430E-01 -0.26383E+01  0.44808E+01  0.48449E-02  0.22996E-02  0.10850E+01
 0.36429E-01 -0.26355E+01  0.44819E+01  0.48778E-02  0.23147E-02  0.10875E+01
 0.37426E-01 -0.26327E+01  0.44830E+01  0.49108E-02  0.23297E-02  0.10900E+01
 0.38421E-01 -0.26299E+01  0.44841E+01  0.49437E-02  0.23448E-02  0.10925E+01
 0.39414E-01 -0.26271E+01  0.44852E+01  0.49767E-02  0.23598E-02  0.10950E+01
 0.40405E-01 -0.26244E+01  0.44864E+01  0.50096E-02  0.23749E-02  0.10975E+01
 0.41393E-01 -0.26216E+01  0.44875E+01  0.50426E-02  0.23899E-02  0.11000E+01
 0.42379E-01 -0.26189E+01  0.44887E+01  0.50756E-02  0.24049E-02  0.11025E+01
 0.43362E-01 -0.26162E+01  0.44899E+01  0.51086E-02  0.24198E-02  0.11050E+01
 0.44344E-01 -0.26135E+01  0.44911E+01  0.51416E-02  0.24348E-02  0.11075E+01
 0.45323E-01 -0.26109E+01  0.44924E+01  0.51745E-02  0.24497E-02  0.11100E+01
 0.46300E-01 -0.26082E+01  0.44936E+01  0.52075E-02  0.24647E-02  0.11125E+01
 0.47275E-01 -0.26056E+01  0.44949E+01  0.52404E-02  0.24796E-02  0.11150E+01
 0.48248E-01 -0.26030E+01  0.44962E+01  0.52734E-02  0.24944E-02  0.11175E+01
 0.49218E-01 -0.26005E+01  0.44975E+01  0.53063E-02  0.25093E-02  0.11200E+01
 0.50186E-01 -0.25979E+01  0.44988E+01  0.53392E-02  0.25241E-02  0.11225E+01
 0.51153E-01 -0.25954E+01  0.45002E+01  0.53721E-02  0.25389E-02  0.11250E+01
 0.52117E-01 -0.25928E+01  0.45015E+01  0.54050E-02  0.25536E-02  0.11275E+01
 0.53078E-01 -0.25903E+01  0.45029E+01  0.54378E-02  0.25683E-02  0.11300E+01
 0.54038E-01 -0.25879E+01  0.45043E+01  0.54706E-02  0.25830E-02  0.11325E+01
 0.54996E-01 -0.25854E+01  0.45057E+01  0.55033E-02  0.25977E-02  0.11350E+01
 0.55951E-01 -0.25830E+01  0.45072E+01  0.55361E-02  0.26123E-02  0.11375E+01
 0.56905E-01 -0.25806E+01  0.45087E+01  0.55687E-02  0.26269E-02  0.11400E+01
 0.57856E-01 -0.25782E+01  0.45101E+01  0.56014E-02  0.26414E-02  0.11425E+01
 0.58805E-01 -0.25758E+01  0.45116E+01  0.56340E-02  0.26559E-02  0.11450E+01
 0.59753E-01 -0.25734E+01  0.45132E+01  0.56665E-02  0.26703E-02  0.11475E+01
 0.60698E-01 -0.25711E+01  0.45147E+01  0.56990E-02  0.26847E-02  0.11500E+01
 0.61641E-01 -0.25688E+01  0.45163E+01  0.57315E-02  0.26990E-02  0.11525E+01
 0.62582E-01 -0.25665E+01  0.45179E+01  0.57638E-02  0.27133E-02  0.11550E+01
 0.63521E-01 -0.25642E+01  0.45195E+01  0.57961E-02  0.27276E-02  0.11575E+01
 0.64458E-01 -0.25620E+01  0.45211E+01  0.58284E-02  0.27418E-02  0.11600E+01
 0.65393E-01 -0.25597E+01  0.45228E+01  0.58606E-02  0.27559E-02  0.11625E+01
 0.66326E-01 -0.25575E+01  0.45244E+01  0.58927E-02  0.27700E-02  0.11650E+01
 0.67257E-01 -0.25553E+01  0.45261E+01  0.59247E-02  0.27840E-02  0.11675E+01
 0.68186E-01 -0.25532E+01  0.45278E+01  0.59567E-02  0.27979E-02  0.11700E+01
 0.69113E-01 -0.25510E+01  0.45296E+01  0.59886E-02  0.28118E-02  0.11725E+01
 0.70038E-01 -0.25489E+01  0.45314E+01  0.60204E-02  0.28257E-02  0.11750E+01
 0.70961E-01 -0.25468E+01  0.45331E+01  0.60521E-02  0.28394E-02  0.11775E+01
 0.71882E-01 -0.25447E+01  0.45350E+01  0.60837E-02  0.28531E-02  0.11800E+01
 0.72801E-01 -0.25426E+01  0.45368E+01  0.61152E-02  0.28668E-02  0.11825E+01
 0.73718E-01 -0.25406E+01  0.45386E+01  0.61467E-02  0.28803E-02  0.11850E+01
 0.74634E-01 -0.25385E+01  0.45405E+01  0.61780E-02  0.28938E-02  0.11875E+01
 0.75547E-01 -0.25365E+01  0.45424E+01  0.62092E-02  0.29072E-02  0.11900E+01
 0.76458E-01 -0.25345E+01  0.45444E+01  0.62404E-02  0.29205E-02  0.11925E+01
 0.77368E-01 -0.25326E+01  0.45463E+01  0.62714E-02  0.29338E-02  0.11950E+01
 0.78276E-01 -0.25306E+01  0.45483E+01  0.63023E-02  0.29470E-02  0.11975E+01
 0.79181E-01 -0.25287E+01  0.45503E+01  0.63331E-02  0.29601E-02  0.12000E+01
 0.80085E-01 -0.25268E+01  0.45523E+01  0.63638E-02  0.29731E-02  0.12025E+01
 0.80987E-01 -0.25249E+01  0.45544E+01  0.63944E-02  0.29860E-02  0.12050E+01
 0.81887E-01 -0.25230E+01  0.45565E+01  0.64248E-02  0.29989E-02  0.12075E+01
 0.82785E-01 -0.25212E+01  0.45586E+01  0.64551E-02  0.30116E-02  0.12100E+01
 0.83682E-01 -0.25194E+01  0.45607E+01  0.64853E-02  0.30243E-02  0.12125E+01
 0.84576E-01 -0.25176E+01  0.45629E+01  0.65154E-02  0.30369E-02  0.12150E+01
 0.85469E-01 -0.25158E+01  0.45651E+01  0.65453E-02  0.30494E-02  0.12175E+01
 0.86360E-01 -0.25140E+01  0.45673E+01  0.65751E-02  0.30618E-02  0.12200E+01
 0.87249E-01 -0.25123E+01  0.45695E+01  0.66048E-02  0.30741E-02  0.12225E+01
 0.88136E-01 -0.25106E+01  0.45718E+01  0.66343E-02  0.30863E-02  0.12250E+01
 0.89021E-01 -0.25089E+01  0.45741E+01  0.66637E-02  0.30984E-02  0.12275E+01
 0.89905E-01 -0.25072E+01  0.45764E+01  0.66929E-02  0.31104E-02  0.12300E+01
 0.90787E-01 -0.25055E+01  0.45788E+01  0.67220E-02  0.31223E-02  0.12325E+01
 0.91667E-01 -0.25039E+01  0.45811E+01  0.67510E-02  0.31341E-02  0.12350E+01
 0.92545E-01 -0.25023E+01  0.45835E+01  0.67797E-02  0.31458E-02  0.12375E+01
 0.93422E-01 -0.25007E+01  0.45860E+01  0.68084E-02  0.31574E-02  0.12400E+01
 0.94296E-01 -0.24991E+01  0.45885E+01  0.68368E-02  0.31689E-02  0.12425E+01
 0.95169E-01 -0.24975E+01  0.45909E+01  0.68651E-02  0.31803E-02  0.12450E+01
 0.96041E-01 -0.24960E+01  0.45935E+01  0.68933E-02  0.31916E-02  0.12475E+01
 0.96910E-01 -0.24945E+01  0.45960E+01  0.69213E-02  0.32028E-02  0.12500E+01
 0.97778E-01 -0.24930E+01  0.45986E+01  0.69491E-02  0.32138E-02  0.12525E+01
 0.98644E-01 -0.24915E+01  0.46012E+01  0.69767E-02  0.32248E-02  0.12550E+01
 0.99508E-01 -0.24900E+01  0.46039E+01  0.70042E-02  0.32356E-02  0.12575E+01
 0.10037E+00 -0.24886E+01  0.46066E+01  0.70315E-02  0.32464E-02  0.12600E+01
 0.10123E+00 -0.24872E+01  0.46093E+01  0.70586E-02  0.32570E-02  0.12625E+01
 0.10209E+00 -0.24858E+01  0.46120E+01  0.70856E-02  0.32675E-02  0.12650E+01
 0.10295E+00 -0.24844E+01  0.46148E+01  0.71124E-02  0.32778E-02  0.12675E+01
 0.10380E+00 -0.24831E+01  0.46176E+01  0.71390E-02  0.32881E-02  0.12700E+01
 0.10466E+00 -0.24817E+01  0.46204E+01  0.71654E-02  0.32982E-02  0.12725E+01
 0.10551E+00 -0.24804E+01  0.46233E+01  0.71916E-02  0.33082E-02  0.12750E+01
 0.10636E+00 -0.24791E+01  0.46262E+01  0.72176E-02  0.33181E-02  0.12775E+01
 0.10721E+00 -0.24778E+01  0.46291E+01  0.72435E-02  0.33279E-02  0.12800E+01
 0.10806E+00 -0.24766E+01  0.46321E+01  0.72692E-02  0.33376E-02  0.12825E+01
 0.10890E+00 -0.24753E+01  0.46351E+01  0.72946E-02  0.33471E-02  0.12850E+01
 0.10975E+00 -0.24741E+01  0.46382E+01  0.73199E-02  0.33565E-02  0.12875E+01
 0.11059E+00 -0.24729E+01  0.46412E+01  0.73450E-02  0.33658E-02  0.12900E+01
 0.11143E+00 -0.24717E+01  0.46443E+01  0.73699E-02  0.33749E-02  0.12925E+01
 0.11227E+00 -0.24706E+01  0.46475E+01  0.73947E-02  0.33840E-02  0.12950E+01
 0.11311E+00 -0.24694E+01  0.46506E+01  0.74192E-02  0.33929E-02  0.12975E+01
 0.11394E+00 -0.24683E+01  0.46539E+01  0.74435E-02  0.34017E-02  0.13000E+01
 0.11478E+00 -0.24672E+01  0.46571E+01  0.74676E-02  0.34103E-02  0.13025E+01
 0.11561E+00 -0.24661E+01  0.46604E+01  0.74916E-02  0.34188E-02  0.13050E+01
 0.11644E+00 -0.24651E+01  0.46637E+01  0.75153E-02  0.34272E-02  0.13075E+01
 0.11727E+00 -0.24640E+01  0.46670E+01  0.75389E-02  0.34355E-02  0.13100E+01
 0.11810E+00 -0.24630E+01  0.46704E+01  0.75622E-02  0.34436E-02  0.13125E+01
 0.11893E+00 -0.24620E+01  0.46738E+01  0.75853E-02  0.34516E-02  0.13150E+01
 0.11975E+00 -0.24610E+01  0.46773E+01  0.76083E-02  0.34595E-02  0.13175E+01
 0.12057E+00 -0.24600E+01  0.46808E+01  0.76310E-02  0.34673E-02  0.13200E+01
 0.12140E+00 -0.24591E+01  0.46843E+01  0.76536E-02  0.34749E-02  0.13225E+01
 0.12222E+00 -0.24581E+01  0.46879E+01  0.76760E-02  0.34824E-02  0.13250E+01
 0.12303E+00 -0.24572E+01  0.46915E+01  0.76981E-02  0.34898E-02  0.13275E+01
 0.12385E+00 -0.24563E+01  0.46951E+01  0.77201E-02  0.34970E-02  0.13300E+01
 0.12467E+00 -0.24554E+01  0.46988E+01  0.77419E-02  0.35041E-02  0.13325E+01
 0.12548E+00 -0.24546E+01  0.47025E+01  0.77635E-02  0.35111E-02  0.13350E+01
 0.12629E+00 -0.24537E+01  0.47063E+01  0.77848E-02  0.35180E-02  0.13375E+01
 0.12710E+00 -0.24529E+01  0.47101E+01  0.78060E-02  0.35247E-02  0.13400E+01
 0.12791E+00 -0.24521E+01  0.47139E+01  0.78271E-02  0.35314E-02  0.13425E+01
 0.12872E+00 -0.24513E+01  0.47178E+01  0.78479E-02  0.35378E-02  0.13450E+01
 0.12953E+00 -0.24505E+01  0.47217E+01  0.78685E-02  0.35442E-02  0.13475E+01
 0.13033E+00 -0.24497E+01  0.47256E+01  0.78889E-02  0.35505E-02  0.13500E+01
 0.13114E+00 -0.24490E+01  0.47296E+01  0.79092E-02  0.35566E-02  0.13525E+01
 0.13194E+00 -0.24482E+01  0.47336E+01  0.79293E-02  0.35626E-02  0.13550E+01
 0.13274E+00 -0.24475E+01  0.47377E+01  0.79492E-02  0.35685E-02  0.13575E+01
 0.13354E+00 -0.24468E+01  0.47418E+01  0.79689E-02  0.35742E-02  0.13600E+01
 0.13434E+00 -0.24461E+01  0.47459E+01  0.79884E-02  0.35799E-02  0.13625E+01
 0.13513E+00 -0.24455E+01  0.47501E+01  0.80078E-02  0.35854E-02  0.13650E+01
 0.13593E+00 -0.24448E+01  0.47543E+01  0.80270E-02  0.35908E-02  0.13675E+01
 0.13672E+00 -0.24442E+01  0.47586E+01  0.80460E-02  0.35961E-02  0.13700E+01
 0.13751E+00 -0.24435E+01  0.47628E+01  0.80649E-02  0.36013E-02  0.13725E+01
 0.13830E+00 -0.24429E+01  0.47672E+01  0.80836E-02  0.36064E-02  0.13750E+01
 0.13909E+00 -0.24423E+01  0.47715E+01  0.81022E-02  0.36114E-02  0.13775E+01
 0.13988E+00 -0.24417E+01  0.47759E+01  0.81206E-02  0.36162E-02  0.13800E+01
 0.14067E+00 -0.24412E+01  0.47804E+01  0.81388E-02  0.36210E-02  0.13825E+01
 0.14145E+00 -0.24406E+01  0.47848E+01  0.81569E-02  0.36256E-02  0.13850E+01
 0.14223E+00 -0.24401E+01  0.47893E+01  0.81749E-02  0.36302E-02  0.13875E+01
 0.14301E+00 -0.24395E+01  0.47939E+01  0.81927E-02  0.36347E-02  0.13900E+01
 0.14380E+00 -0.24390E+01  0.47985E+01  0.82104E-02  0.36390E-02  0.13925E+01
 0.14457E+00 -0.24385E+01  0.48031E+01  0.82280E-02  0.36433E-02  0.13950E+01
 0.14535E+00 -0.24380E+01  0.48077E+01  0.82454E-02  0.36475E-02  0.13975E+01
 0.14613E+00 -0.24375E+01  0.48124E+01  0.82627E-02  0.36516E-02  0.14000E+01
 0.14690E+00 -0.24370E+01  0.48171E+01  0.82799E-02  0.36556E-02  0.14025E+01
 0.14768E+00 -0.24366E+01  0.48219E+01  0.82970E-02  0.36596E-02  0.14050E+01
 0.14845E+00 -0.24361E+01  0.48267E+01  0.83140E-02  0.36634E-02  0.14075E+01
 0.14922E+00 -0.24357E+01  0.48315E+01  0.83309E-02  0.36672E-02  0.14100E+01
 0.14999E+00 -0.24352E+01  0.48364E+01  0.83477E-02  0.36709E-02  0.14125E+01
 0.15076E+00 -0.24348E+01  0.48413E+01  0.83644E-02  0.36745E-02  0.14150E+01
 0.15152E+00 -0.24344E+01  0.48462E+01  0.83811E-02  0.36781E-02  0.14175E+01
 0.15229E+00 -0.24340E+01  0.48511E+01  0.83977E-02  0.36816E-02  0.14200E+01
 0.15305E+00 -0.24336E+01  0.48561E+01  0.84142E-02  0.36851E-02  0.14225E+01
 0.15381E+00 -0.24332E+01  0.48611E+01  0.84306E-02  0.36885E-02  0.14250E+01
 0.15458E+00 -0.24328E+01  0.48662E+01  0.84470E-02  0.36918E-02  0.14275E+01
 0.15534E+00 -0.24324E+01  0.48712E+01  0.84634E-02  0.36951E-02  0.14300E+01
 0.15609E+00 -0.24320E+01  0.48763E+01  0.84797E-02  0.36984E-02  0.14325E+01
 0.15685E+00 -0.24316E+01  0.48815E+01  0.84960E-02  0.37016E-02  0.14350E+01
 0.15761E+00 -0.24312E+01  0.48866E+01  0.85123E-02  0.37048E-02  0.14375E+01
 0.15836E+00 -0.24309E+01  0.48918E+01  0.85286E-02  0.37080E-02  0.14400E+01
 0.15912E+00 -0.24305E+01  0.48970E+01  0.85449E-02  0.37111E-02  0.14425E+01
 0.15987E+00 -0.24301E+01  0.49022E+01  0.85612E-02  0.37142E-02  0.14450E+01
 0.16062E+00 -0.24298E+01  0.49074E+01  0.85775E-02  0.37173E-02  0.14475E+01
 0.16137E+00 -0.24294E+01  0.49127E+01  0.85938E-02  0.37204E-02  0.14500E+01
 0.16212E+00 -0.24290E+01  0.49179E+01  0.86102E-02  0.37235E-02  0.14525E+01
 0.16286E+00 -0.24287E+01  0.49232E+01  0.86266E-02  0.37266E-02  0.14550E+01
 0.16361E+00 -0.24283E+01  0.49285E+01  0.86431E-02  0.37297E-02  0.14575E+01
 0.16435E+00 -0.24280E+01  0.49339E+01  0.86596E-02  0.37328E-02  0.14600E+01
 0.16510E+00 -0.24276E+01  0.49392E+01  0.86762E-02  0.37360E-02  0.14625E+01
 0.16584E+00 -0.24272E+01  0.49445E+01  0.86929E-02  0.37391E-02  0.14650E+01
 0.16658E+00 -0.24269E+01  0.49499E+01  0.87097E-02  0.37423E-02  0.14675E+01
 0.16732E+00 -0.24265E+01  0.49552E+01  0.87267E-02  0.37455E-02  0.14700E+01
 0.16806E+00 -0.24261E+01  0.49606E+01  0.87437E-02  0.37487E-02  0.14725E+01
 0.16879E+00 -0.24257E+01  0.49660E+01  0.87608E-02  0.37520E-02  0.14750E+01
 0.16953E+00 -0.24253E+01  0.49713E+01  0.87782E-02  0.37554E-02  0.14775E+01
 0.17026E+00 -0.24249E+01  0.49767E+01  0.87956E-02  0.37588E-02  0.14800E+01
 0.17099E+00 -0.24245E+01  0.49821E+01  0.88133E-02  0.37623E-02  0.14825E+01
 0.17173E+00 -0.24241E+01  0.49874E+01  0.88311E-02  0.37658E-02  0.14850E+01
 0.17246E+00 -0.24237E+01  0.49928E+01  0.88491E-02  0.37695E-02  0.14875E+01
 0.17319E+00 -0.24233E+01  0.49981E+01  0.88673E-02  0.37732E-02  0.14900E+01
 0.17391E+00 -0.24229E+01  0.50035E+01  0.88857E-02  0.37770E-02  0.14925E+01
 0.17464E+00 -0.24224E+01  0.50088E+01  0.89044E-02  0.37809E-02  0.14950E+01
 0.17537E+00 -0.24219E+01  0.50141E+01  0.89233E-02  0.37849E-02  0.14975E+01
 0.17609E+00 -0.24215E+01  0.50194E+01  0.89425E-02  0.37891E-02  0.15000E+01
 0.17681E+00 -0.24210E+01  0.50247E+01  0.89619E-02  0.37933E-02  0.15025E+01
 0.17754E+00 -0.24205E+01  0.50299E+01  0.89817E-02  0.37977E-02  0.15050E+01
 0.17826E+00 -0.24200E+01  0.50351E+01  0.90017E-02  0.38022E-02  0.15075E+01
 0.17898E+00 -0.24194E+01  0.50403E+01  0.90220E-02  0.38069E-02  0.15100E+01
 0.17970E+00 -0.24189E+01  0.50455E+01  0.90427E-02  0.38117E-02  0.15125E+01
 0.18041E+00 -0.24183E+01  0.50506E+01  0.90637E-02  0.38167E-02  0.15150E+01
 0.18113E+00 -0.24177E+01  0.50557E+01  0.90851E-02  0.38218E-02  0.15175E+01
 0.18184E+00 -0.24171E+01  0.50608E+01  0.91069E-02  0.38272E-02  0.15200E+01
 0.18256E+00 -0.24165E+01  0.50658E+01  0.91290E-02  0.38327E-02  0.15225E+01
 0.18327E+00 -0.24159E+01  0.50708E+01  0.91515E-02  0.38384E-02  0.15250E+01
 0.18398E+00 -0.24152E+01  0.50757E+01  0.91745E-02  0.38443E-02  0.15275E+01
 0.18469E+00 -0.24145E+01  0.50806E+01  0.91979E-02  0.38504E-02  0.15300E+01
 0.18540E+00 -0.24138E+01  0.50854E+01  0.92217E-02  0.38567E-02  0.15325E+01
 0.18611E+00 -0.24130E+01  0.50901E+01  0.92460E-02  0.38632E-02  0.15350E+01
 0.18682E+00 -0.24123E+01  0.50948E+01  0.92708E-02  0.38700E-02  0.15375E+01
 0.18752E+00 -0.24115E+01  0.50995E+01  0.92961E-02  0.38770E-02  0.15400E+01
 0.18823E+00 -0.24107E+01  0.51041E+01  0.93219E-02  0.38843E-02  0.15425E+01
 0.18893E+00 -0.24098E+01  0.51086E+01  0.93482E-02  0.38918E-02  0.15450E+01
 0.18963E+00 -0.24090E+01  0.51130E+01  0.93750E-02  0.38996E-02  0.15475E+01
 0.19033E+00 -0.24081E+01  0.51174E+01  0.94024E-02  0.39077E-02  0.15500E+01
 0.19103E+00 -0.24072E+01  0.51217E+01  0.94304E-02  0.39160E-02  0.15525E+01
 0.19173E+00 -0.24062E+01  0.51259E+01  0.94590E-02  0.39247E-02  0.15550E+01
 0.19243E+00 -0.24052E+01  0.51300E+01  0.94881E-02  0.39336E-02  0.15575E+01
 0.19312E+00 -0.24042E+01  0.51340E+01  0.95179E-02  0.39428E-02  0.15600E+01
 0.19382E+00 -0.24031E+01  0.51380E+01  0.95483E-02  0.39524E-02  0.15625E+01
 0.19451E+00 -0.24021E+01  0.51419E+01  0.95793E-02  0.39622E-02  0.15650E+01
 0.19521E+00 -0.24009E+01  0.51456E+01  0.96110E-02  0.39724E-02  0.15675E+01
 0.19590E+00 -0.23998E+01  0.51493E+01  0.96434E-02  0.39830E-02  0.15700E+01
 0.19659E+00 -0.23986E+01  0.51529E+01  0.96764E-02  0.39938E-02  0.15725E+01
 0.19728E+00 -0.23974E+01  0.51564E+01  0.97102E-02  0.40050E-02  0.15750E+01
 0.19797E+00 -0.23961E+01  0.51598E+01  0.97446E-02  0.40166E-02  0.15775E+01
 0.19866E+00 -0.23948E+01  0.51630E+01  0.97798E-02  0.40286E-02  0.15800E+01
 0.19934E+00 -0.23935E+01  0.51662E+01  0.98157E-02  0.40409E-02  0.15825E+01
 0.20003E+00 -0.23922E+01  0.51693E+01  0.98523E-02  0.40536E-02  0.15850E+01
 0.20071E+00 -0.23908E+01  0.51722E+01  0.98897E-02  0.40666E-02  0.15875E+01
 0.20140E+00 -0.23893E+01  0.51751E+01  0.99279E-02  0.40801E-02  0.15900E+01
 0.20208E+00 -0.23879E+01  0.51778E+01  0.99668E-02  0.40939E-02  0.15925E+01
 0.20276E+00 -0.23864E+01  0.51804E+01  0.10007E-01  0.41081E-02  0.15950E+01
 0.20344E+00 -0.23848E+01  0.51829E+01  0.10047E-01  0.41228E-02  0.15975E+01
 0.20412E+00 -0.23832E+01  0.51853E+01  0.10088E-01  0.41378E-02  0.16000E+01
 0.20480E+00 -0.23816E+01  0.51876E+01  0.10130E-01  0.41533E-02  0.16025E+01
 0.20548E+00 -0.23800E+01  0.51897E+01  0.10173E-01  0.41691E-02  0.16050E+01
 0.20615E+00 -0.23783E+01  0.51918E+01  0.10217E-01  0.41854E-02  0.16075E+01
 0.20683E+00 -0.23765E+01  0.51937E+01  0.10262E-01  0.42021E-02  0.16100E+01
 0.20750E+00 -0.23748E+01  0.51955E+01  0.10307E-01  0.42192E-02  0.16125E+01
 0.20817E+00 -0.23730E+01  0.51972E+01  0.10353E-01  0.42367E-02  0.16150E+01
 0.20884E+00 -0.23711E+01  0.51988E+01  0.10400E-01  0.42546E-02  0.16175E+01
 0.20952E+00 -0.23693E+01  0.52003E+01  0.10448E-01  0.42729E-02  0.16200E+01
 0.21018E+00 -0.23674E+01  0.52017E+01  0.10496E-01  0.42917E-02  0.16225E+01
 0.21085E+00 -0.23654E+01  0.52029E+01  0.10546E-01  0.43108E-02  0.16250E+01
 0.21152E+00 -0.23635E+01  0.52041E+01  0.10596E-01  0.43304E-02  0.16275E+01
 0.21219E+00 -0.23615E+01  0.52051E+01  0.10647E-01  0.43503E-02  0.16300E+01
 0.21285E+00 -0.23595E+01  0.52061E+01  0.10699E-01  0.43706E-02  0.16325E+01
 0.21352E+00 -0.23574E+01  0.52069E+01  0.10751E-01  0.43914E-02  0.16350E+01
 0.21418E+00 -0.23553E+01  0.52077E+01  0.10804E-01  0.44124E-02  0.16375E+01
 0.21484E+00 -0.23532E+01  0.52084E+01  0.10858E-01  0.44339E-02  0.16400E+01
 0.21551E+00 -0.23511E+01  0.52090E+01  0.10913E-01  0.44557E-02  0.16425E+01
 0.21617E+00 -0.23489E+01  0.52095E+01  0.10968E-01  0.44778E-02  0.16450E+01
 0.21683E+00 -0.23468E+01  0.52099E+01  0.11024E-01  0.45003E-02  0.16475E+01
 0.21748E+00 -0.23446E+01  0.52103E+01  0.11081E-01  0.45230E-02  0.16500E+01
 0.21814E+00 -0.23424E+01  0.52106E+01  0.11138E-01  0.45461E-02  0.16525E+01
 0.21880E+00 -0.23401E+01  0.52108E+01  0.11195E-01  0.45693E-02  0.16550E+01
 0.21945E+00 -0.23379E+01  0.52110E+01  0.11253E-01  0.45929E-02  0.16575E+01
 0.22011E+00 -0.23357E+01  0.52111E+01  0.11312E-01  0.46166E-02  0.16600E+01
 0.22076E+00 -0.23334E+01  0.52112E+01  0.11371E-01  0.46405E-02  0.16625E+01
 0.22141E+00 -0.23312E+01  0.52113E+01  0.11430E-01  0.46645E-02  0.16650E+01
 0.22207E+00 -0.23289E+01  0.52114E+01  0.11489E-01  0.46887E-02  0.16675E+01
 0.22272E+00 -0.23267E+01  0.52115E+01  0.11549E-01  0.47129E-02  0.16700E+01
 0.22337E+00 -0.23245E+01  0.52116E+01  0.11608E-01  0.47371E-02  0.16725E+01
 0.22401E+00 -0.23223E+01  0.52117E+01  0.11668E-01  0.47614E-02  0.16750E+01
 0.22466E+00 -0.23201E+01  0.52118E+01  0.11727E-01  0.47855E-02  0.16775E+01
 0.22531E+00 -0.23179E+01  0.52120E+01  0.11786E-01  0.48095E-02  0.16800E+01
 0.22596E+00 -0.23158E+01  0.52122E+01  0.11845E-01  0.48333E-02  0.16825E+01
 0.22660E+00 -0.23137E+01  0.52126E+01  0.11903E-01  0.48568E-02  0.16850E+01
 0.22724E+00 -0.23116E+01  0.52130E+01  0.11961E-01  0.48799E-02  0.16875E+01
 0.22789E+00 -0.23096E+01  0.52135E+01  0.12018E-01  0.49027E-02  0.16900E+01
 0.22853E+00 -0.23076E+01  0.52142E+01  0.12074E-01  0.49249E-02  0.16925E+01
 0.22917E+00 -0.23057E+01  0.52150E+01  0.12129E-01  0.49465E-02  0.16950E+01
 0.22981E+00 -0.23039E+01  0.52160E+01  0.12183E-01  0.49673E-02  0.16975E+01
 0.23045E+00 -0.23021E+01  0.52172E+01  0.12234E-01  0.49874E-02  0.17000E+01
 0.23109E+00 -0.23005E+01  0.52187E+01  0.12285E-01  0.50064E-02  0.17025E+01
 0.23172E+00 -0.22989E+01  0.52204E+01  0.12333E-01  0.50243E-02  0.17050E+01
 0.23236E+00 -0.22975E+01  0.52225E+01  0.12378E-01  0.50408E-02  0.17075E+01
 0.23300E+00 -0.22962E+01  0.52249E+01  0.12421E-01  0.50559E-02  0.17100E+01
 0.23363E+00 -0.22950E+01  0.52277E+01  0.12461E-01  0.50694E-02  0.17125E+01
 0.23426E+00 -0.22941E+01  0.52310E+01  0.12497E-01  0.50809E-02  0.17150E+01
 0.23490E+00 -0.22933E+01  0.52347E+01  0.12529E-01  0.50902E-02  0.17175E+01
 0.23553E+00 -0.22927E+01  0.52391E+01  0.12556E-01  0.50972E-02  0.17200E+01
 0.23616E+00 -0.22923E+01  0.52442E+01  0.12579E-01  0.51013E-02  0.17225E+01
 0.23679E+00 -0.22922E+01  0.52500E+01  0.12595E-01  0.51023E-02  0.17250E+01
 0.23742E+00 -0.22925E+01  0.52567E+01  0.12605E-01  0.50998E-02  0.17275E+01
 0.23805E+00 -0.22930E+01  0.52644E+01  0.12607E-01  0.50931E-02  0.17300E+01
 0.23867E+00 -0.22940E+01  0.52734E+01  0.12600E-01  0.50819E-02  0.17325E+01
 0.23930E+00 -0.22954E+01  0.52837E+01  0.12584E-01  0.50653E-02  0.17350E+01
 0.23992E+00 -0.22973E+01  0.52957E+01  0.12556E-01  0.50426E-02  0.17375E+01
 0.24055E+00 -0.22999E+01  0.53096E+01  0.12514E-01  0.50126E-02  0.17400E+01
 0.24117E+00 -0.23033E+01  0.53260E+01  0.12457E-01  0.49742E-02  0.17425E+01
 0.24180E+00 -0.23075E+01  0.53455E+01  0.12380E-01  0.49255E-02  0.17450E+01
 0.24242E+00 -0.23130E+01  0.53689E+01  0.12280E-01  0.48644E-02  0.17475E+01
 0.24304E+00 -0.23199E+01  0.53974E+01  0.12150E-01  0.47875E-02  0.17500E+01
 0.24366E+00 -0.23288E+01  0.54332E+01  0.11981E-01  0.46899E-02  0.17525E+01
 0.24428E+00 -0.23408E+01  0.54800E+01  0.11757E-01  0.45630E-02  0.17550E+01
 0.24490E+00 -0.23576E+01  0.55457E+01  0.11445E-01  0.43893E-02  0.17575E+01
 0.24551E+00 -0.23856E+01  0.56562E+01  0.10945E-01  0.41156E-02  0.17600E+01
 0.24613E+00 -0.24396E+01  0.58845E+01  0.10054E-01  0.36338E-02  0.17625E+01
 0.24674E+00 -0.24380E+01  0.58862E+01  0.10095E-01  0.36474E-02  0.17650E+01
 0.24736E+00 -0.24364E+01  0.58879E+01  0.10135E-01  0.36609E-02  0.17675E+01
 0.24797E+00 -0.24348E+01  0.58896E+01  0.10175E-01  0.36744E-02  0.17700E+01
 0.24859E+00 -0.24332E+01  0.58914E+01  0.10216E-01  0.36879E-02  0.17725E+01
 0.24920E+00 -0.24316E+01  0.58931E+01  0.10256E-01  0.37013E-02  0.17750E+01
 0.24981E+00 -0.24301E+01  0.58949E+01  0.10296E-01  0.37146E-02  0.17775E+01
 0.25042E+00 -0.24285E+01  0.58967E+01  0.10336E-01  0.37280E-02  0.17800E+01
 0.25103E+00 -0.24270E+01  0.58985E+01  0.10376E-01  0.37413E-02  0.17825E+01
 0.25164E+00 -0.24254E+01  0.59004E+01  0.10416E-01  0.37545E-02  0.17850E+01
 0.25225E+00 -0.24239E+01  0.59022E+01  0.10456E-01  0.37677E-02  0.17875E+01
 0.25285E+00 -0.24224E+01  0.59041E+01  0.10496E-01  0.37809E-02  0.17900E+01
 0.25346E+00 -0.24209E+01  0.59060E+01  0.10536E-01  0.37940E-02  0.17925E+01
 0.25406E+00 -0.24194E+01  0.59079E+01  0.10575E-01  0.38071E-02  0.17950E+01
 0.25467E+00 -0.24179E+01  0.59098E+01  0.10615E-01  0.38201E-02  0.17975E+01
 0.25527E+00 -0.24164E+01  0.59117E+01  0.10655E-01  0.38331E-02  0.18000E+01
 0.25588E+00 -0.24150E+01  0.59137E+01  0.10694E-01  0.38460E-02  0.18025E+01
 0.25648E+00 -0.24135E+01  0.59157E+01  0.10734E-01  0.38589E-02  0.18050E+01
 0.25708E+00 -0.24121E+01  0.59177E+01  0.10773E-01  0.38718E-02  0.18075E+01
 0.25768E+00 -0.24107E+01  0.59197E+01  0.10812E-01  0.38846E-02  0.18100E+01
 0.25828E+00 -0.24092E+01  0.59218E+01  0.10852E-01  0.38973E-02  0.18125E+01
 0.25888E+00 -0.24078E+01  0.59238E+01  0.10891E-01  0.39100E-02  0.18150E+01
 0.25947E+00 -0.24064E+01  0.59259E+01  0.10930E-01  0.39227E-02  0.18175E+01
 0.26007E+00 -0.24050E+01  0.59280E+01  0.10969E-01  0.39352E-02  0.18200E+01
 0.26067E+00 -0.24036E+01  0.59301E+01  0.11008E-01  0.39478E-02  0.18225E+01
 0.26126E+00 -0.24023E+01  0.59323E+01  0.11046E-01  0.39603E-02  0.18250E+01
 0.26186E+00 -0.24009E+01  0.59344E+01  0.11085E-01  0.39727E-02  0.18275E+01
 0.26245E+00 -0.23996E+01  0.59366E+01  0.11124E-01  0.39851E-02  0.18300E+01
 0.26304E+00 -0.23982E+01  0.59388E+01  0.11162E-01  0.39975E-02  0.18325E+01
 0.26364E+00 -0.23969E+01  0.59410E+01  0.11201E-01  0.40097E-02  0.18350E+01
 0.26423E+00 -0.23956E+01  0.59433E+01  0.11239E-01  0.40220E-02  0.18375E+01
 0.26482E+00 -0.23942E+01  0.59455E+01  0.11278E-01  0.40341E-02  0.18400E+01
 0.26541E+00 -0.23929E+01  0.59478E+01  0.11316E-01  0.40463E-02  0.18425E+01
 0.26600E+00 -0.23917E+01  0.59501E+01  0.11354E-01  0.40583E-02  0.18450E+01
 0.26658E+00 -0.23904E+01  0.59524E+01  0.11392E-01  0.40703E-02  0.18475E+01
 0.26717E+00 -0.23891E+01  0.59548E+01  0.11430E-01  0.40823E-02  0.18500E+01
 0.26776E+00 -0.23878E+01  0.59571E+01  0.11468E-01  0.40942E-02  0.18525E+01
 0.26834E+00 -0.23866E+01  0.59595E+01  0.11506E-01  0.41060E-02  0.18550E+01
 0.26893E+00 -0.23853E+01  0.59619E+01  0.11543E-01  0.41178E-02  0.18575E+01
 0.26951E+00 -0.23841E+01  0.59643E+01  0.11581E-01  0.41296E-02  0.18600E+01
 0.27010E+00 -0.23829E+01  0.59668E+01  0.11618E-01  0.41412E-02  0.18625E+01
 0.27068E+00 -0.23817E+01  0.59692E+01  0.11656E-01  0.41528E-02  0.18650E+01
 0.27126E+00 -0.23804E+01  0.59717E+01  0.11693E-01  0.41644E-02  0.18675E+01
 0.27184E+00 -0.23792E+01  0.59742E+01  0.11730E-01  0.41759E-02  0.18700E+01
 0.27242E+00 -0.23781E+01  0.59767E+01  0.11767E-01  0.41873E-02  0.18725E+01
 0.27300E+00 -0.23769E+01  0.59793E+01  0.11804E-01  0.41987E-02  0.18750E+01
 0.27358E+00 -0.23757E+01  0.59818E+01  0.11841E-01  0.42101E-02  0.18775E+01
 0.27416E+00 -0.23746E+01  0.59844E+01  0.11878E-01  0.42213E-02  0.18800E+01
 0.27473E+00 -0.23734E+01  0.59870E+01  0.11915E-01  0.42325E-02  0.18825E+01
 0.27531E+00 -0.23723E+01  0.59896E+01  0.11951E-01  0.42437E-02  0.18850E+01
 0.27589E+00 -0.23711E+01  0.59923E+01  0.11988E-01  0.42548E-02  0.18875E+01
 0.27646E+00 -0.23700E+01  0.59949E+01  0.12024E-01  0.42658E-02  0.18900E+01
 0.27704E+00 -0.23689E+01  0.59976E+01  0.12061E-01  0.42768E-02  0.18925E+01
 0.27761E+00 -0.23678E+01  0.60003E+01  0.12097E-01  0.42877E-02  0.18950E+01
 0.27818E+00 -0.23667E+01  0.60031E+01  0.12133E-01  0.42985E-02  0.18975E+01
 0.27875E+00 -0.23656E+01  0.60058E+01  0.12169E-01  0.43093E-02  0.19000E+01
 0.27932E+00 -0.23645E+01  0.60086E+01  0.12205E-01  0.43201E-02  0.19025E+01
 0.27989E+00 -0.23634E+01  0.60113E+01  0.12241E-01  0.43307E-02  0.19050E+01
 0.28046E+00 -0.23624E+01  0.60141E+01  0.12276E-01  0.43414E-02  0.19075E+01
 0.28103E+00 -0.23613E+01  0.60170E+01  0.12312E-01  0.43519E-02  0.19100E+01
 0.28160E+00 -0.23603E+01  0.60198E+01  0.12348E-01  0.43624E-02  0.19125E+01
 0.28217E+00 -0.23592E+01  0.60227E+01  0.12383E-01  0.43728E-02  0.19150E+01
 0.28274E+00 -0.23582E+01  0.60255E+01  0.12418E-01  0.43832E-02  0.19175E+01
 0.28330E+00 -0.23572E+01  0.60284E+01  0.12454E-01  0.43936E-02  0.19200E+01
 0.28387E+00 -0.23562E+01  0.60314E+01  0.12489E-01  0.44038E-02  0.19225E+01
 0.28443E+00 -0.23552E+01  0.60343E+01  0.12524E-01  0.44140E-02  0.19250E+01
 0.28499E+00 -0.23542E+01  0.60372E+01  0.12559E-01  0.44242E-02  0.19275E+01
 0.28556E+00 -0.23532E+01  0.60402E+01  0.12594E-01  0.44343E-02  0.19300E+01
 0.28612E+00 -0.23522E+01  0.60432E+01  0.12628E-01  0.44443E-02  0.19325E+01
 0.28668E+00 -0.23512E+01  0.60462E+01  0.12663E-01  0.44543E-02  0.19350E+01
 0.28724E+00 -0.23503E+01  0.60493E+01  0.12698E-01  0.44642E-02  0.19375E+01
 0.28780E+00 -0.23493E+01  0.60523E+01  0.12732E-01  0.44741E-02  0.19400E+01
 0.28836E+00 -0.23483E+01  0.60554E+01  0.12766E-01  0.44839E-02  0.19425E+01
 0.28892E+00 -0.23474E+01  0.60585E+01  0.12801E-01  0.44936E-02  0.19450E+01
 0.28948E+00 -0.23465E+01  0.60616E+01  0.12835E-01  0.45033E-02  0.19475E+01
 0.29003E+00 -0.23455E+01  0.60647E+01  0.12869E-01  0.45130E-02  0.19500E+01
 0.29059E+00 -0.23446E+01  0.60679E+01  0.12903E-01  0.45225E-02  0.19525E+01
 0.29115E+00 -0.23437E+01  0.60710E+01  0.12937E-01  0.45321E-02  0.19550E+01
 0.29170E+00 -0.23428E+01  0.60742E+01  0.12971E-01  0.45416E-02  0.19575E+01
 0.29226E+00 -0.23419E+01  0.60774E+01  0.13005E-01  0.45510E-02  0.19600E+01
 0.29281E+00 -0.23410E+01  0.60806E+01  0.13038E-01  0.45604E-02  0.19625E+01
 0.29336E+00 -0.23401E+01  0.60839E+01  0.13072E-01  0.45697E-02  0.19650E+01
 0.29391E+00 -0.23392E+01  0.60871E+01  0.13106E-01  0.45790E-02  0.19675E+01
 0.29447E+00 -0.23384E+01  0.60904E+01  0.13139E-01  0.45882E-02  0.19700E+01
 0.29502E+00 -0.23375E+01  0.60937E+01  0.13172E-01  0.45974E-02  0.19725E+01
 0.29557E+00 -0.23366E+01  0.60970E+01  0.13206E-01  0.46065E-02  0.19750E+01
 0.29612E+00 -0.23358E+01  0.61003E+01  0.13239E-01  0.46156E-02  0.19775E+01
 0.29667E+00 -0.23349E+01  0.61036E+01  0.13272E-01  0.46246E-02  0.19800E+01
 0.29721E+00 -0.23341E+01  0.61070E+01  0.13305E-01  0.46336E-02  0.19825E+01
 0.29776E+00 -0.23332E+01  0.61104E+01  0.13338E-01  0.46425E-02  0.19850E+01
 0.29831E+00 -0.23324E+01  0.61138E+01  0.13371E-01  0.46514E-02  0.19875E+01
 0.29885E+00 -0.23316E+01  0.61172E+01  0.13404E-01  0.46603E-02  0.19900E+01
 0.29940E+00 -0.23308E+01  0.61206E+01  0.13437E-01  0.46691E-02  0.19925E+01
 0.29994E+00 -0.23300E+01  0.61240E+01  0.13470E-01  0.46779E-02  0.19950E+01
 0.30049E+00 -0.23291E+01  0.61275E+01  0.13502E-01  0.46866E-02  0.19975E+01
