.5398875810e27
.582957200236065e27
.629462705323960e27
.679678194614140e27
.733899632697350e27
.792446594787520e27
.855664150263045e27
.923924896467870e27
.997631154759430e27
.107721734174661e28
.116315252969366e28
.125594321118068e28
.135613628431541e28
.146432227609075e28
.158113882288610e28
.170727442862633e28
.184347252274845e28
.199053584189326e28
.214933116114710e28
.232079440271926e28
.250593615216488e28
.270584761466549e28
.292170704647274e28
.315478669942165e28
.340646031944346e28
.367821124327363e28
.397164114107600e28
.428847945651121e28
.463059359988806e28
.499999995447530e28
.539887576084355e28
.582957194928270e28
.629462699592740e28
.679678188425710e28
.733899626015235e28
.792446587572340e28
.855664142472270e28
.923924888055590e28
.997631145676055e28
.107721733193861e29
.116315251910322e29
.125594319974538e29
.135613627196787e29
.146432226275818e29
.158113880848992e29
.170727441308170e29
.184347250596374e29
.199053582376954e29
.214933114157756e29
.232079438158856e29
.250593612934848e29
.270584759002890e29
.292170701987077e29
.315478667069750e29
.340646028842783e29
.367821120978373e29
.397164110491444e29
.428847941746485e29
.463059355772678e29
.499999990895058e29
