2.9033145765265598708	5.9261747071094571942	12.936528484734118304
3.0477516236226060264	6.2387770173019640337	13.802955134488476680
3.1905297364296404575	6.5511615696098634656	14.711128453678670267
3.3302393085837455655	6.8605490709323679484	15.659881805013872122
3.4658750457404440571	7.1649617818669722211	16.649860718127632349
3.5967747364205611519	7.4631074706300077852	17.682953095175155437
3.7225483986630140991	7.7542409052611901621	18.761370965413816185
3.8430112741594450942	8.0380305297002192145	19.886437483080730850
3.9581267332610671735	8.3144429680877296645	21.057265715211075773
4.0679606382670476882	8.5836486796269889934	22.269718895959405143
4.1726464173303837919	8.8459471873419925363	23.516134362702035204
4.2723591888493805743	9.1017081601234624669	24.786057220786257745
4.3672971040718002144	9.3513239227541436810	26.067720895474471665
4.4576682415533028988	9.5951688454987884680	27.349639747103496820
4.5436816700900717194	9.8335610117584352828	28.621756225823567190
4.6255415890258873115	10.066721280677614188	29.875958535181052282
4.7034437116119018254	10.294724181639809265	31.106098973086686388
4.7775732653732811331	10.517433959139106355	32.307743119270869442
4.8481041446254604271	10.734417776412939462	33.477833692864986533
4.9151988712636341507	10.944827608172365535	34.614370400577671589
4.9790091088319277879	11.147245679319089832	35.716144660686380153
5.0396765392207364676	11.339502592325840718	36.782534503559784178
5.0973339575519828833	11.518516232589503090	37.813351386234004933
5.1521064740813309215	11.680278566597340998	38.808727435699830084
5.2041127363562826017	11.820219416802856916	39.769032636225847406
5.2534661035480736272	11.934171532208780358	40.694813674710232163
5.3002757201291876991	12.019808332946656251	41.586748321656049539
5.3446474494815207398	12.077779720394002809	42.445610973161048837
5.3866846405398399117	12.111637637718352425	43.272246275739282086
5.4264887125981749268	12.126570921528217754	44.067548677228219672
5.4641595548868398965	12.127902075006817871	44.832446387983181396
5.4997957481081511073	12.120141093710042164	45.567888678224007543
5.5334946242845738541	12.106695087262365848	46.274835741219003120
5.5653521885045669780	28.644287886837864945	46.954250561740760380
5.5954629310572059369	29.144398177613156160	47.607092375122808131
5.6239195608527830263	29.644461155082816330	48.234311404797120859
5.6508126910119532238	30.140916686483016818	48.836844639213846059
5.6762305053837121490	30.631275693650478498	49.415612461814862601
5.7002584310089883062	31.113810709942130955	49.971515986491490479
5.7229788367580817995	31.587337640179708053	50.505434979915402756
5.7444707731168002732	32.051062560903075018	51.018226274149748218
5.7648097628911068856	32.504473865630331781	51.510722589980293132
5.7840676478428992601	32.947265794234430171	51.983731704803617300
5.8023124922261159942	33.379283707234523806	52.438035909612057880
5.8196085409984073299	33.800484513968335782	52.874391708286959083
5.8360162281641283888	34.210907751290541102	53.293529719527121385
5.8515922292018260797	34.610654222578578202	53.696154747641767198
5.8663895507332817479	34.999870061133273723	54.082945993379544981
5.8804576503650506326	35.378734728442830870	54.454557380135829069
5.8938425798358210888	35.747451898267387391	54.811617974423095260
5.9065871451019443023	36.106242480062694853	55.154732482513947452
5.9187310776755499095	36.455339244950494331	55.484481807759995104
5.9303112123031585128	36.794982664154884269	55.801423655321068535
5.9413616668682808988	37.125417673480030269	56.106093172963720733
35.939253935515074853	37.446891151364796225	56.399003618250942595
36.130804858485946849	37.759649951341406305	56.680647043883977037
36.321551299868877431	38.063939368497955812	56.951494994203321863
36.511237964908117872	38.360001948024251908	57.211999206935783396
36.699636237860669569	38.648076565036157855	57.462592315210107951
36.886542175735716264	38.928397720673390914	57.703688545674330453
37.071774595458897091	39.201195011394038210	57.935684409249886673
37.255173261983669713	39.466692737473357277	58.158959381664825732
37.436597181435183926	39.725109623691676711	58.373876571433315044
37.615923000666158256	39.976658630599344960	58.580783373401617604
37.793043512517246806	40.221546838964186160	58.780012106371028322
37.967866264503314590	40.459975393324240103	58.971880633643883740
38.140312267499900036	40.692139493197011539	59.156692965626689530
38.310314800200579605	40.918228422593672582	59.334739843870740140
38.477818304587065901	41.138425610171121037	59.506299306140666200
38.642777367341505387	41.352908713716179579	59.671637232279802244
38.805155781986152296	41.561849723762906822	59.831007870792202938
38.964925686519518868	41.765415082048489112	59.984654346188126150
39.122066771397802450	41.963765811256094141	60.132809147245977458
39.276565552859755683	42.157057653106006327	60.275694596431816811
39.428414706791400987	42.345441212364110577	60.413523300789966836
39.577612458557713178	42.529062104758899674	60.546498584677138862
39.724162024478854427	42.708061107150183518	60.674814904759649995
39.868071100888949464	42.882574308586990973	60.798658247730356036
40.009351396978331019	43.052733261138763569	60.918206511230282306
40.148018207880171643	43.218665129590925380	61.033629868480832457
40.284090024715472858	43.380492839269851914	61.145091117146973059
40.417588178553723873	43.538335221408535331	61.252746012960871671
40.548536515478319866	43.692307155587282668	61.356743588639931188
40.676961100164911147	43.842519708887249852	61.457226458633730111
40.802889945586654211	43.989080271481550243	61.554331110231672263
40.926352766652679180	44.132092688461620851	61.648188181557713241
41.047380755765103642	44.271657387757610267	61.738922726970836932
41.166006378445956870	44.407871504062558876	61.826654470380412910
41.282263187338928629	44.540828998712584423	61.911498046974529302
41.396185653032521965	44.670620775510443186	61.993563233847171554
41.507809010281629099	44.797334792508793858	62.072955169996970251
41.617169118324455288	44.921056169793171977	62.149774566156397338
41.724302334101787673	45.041867293323874500	62.224117904895944730
41.829245397286538623	45.159847914911330225	62.296077631433138965
41.932035326123960896	45.275075248411668098	62.365742335561371705
42.032709323167584054	45.387624062238584869	62.433196925098578765
42.131304690073374106	45.497566768294679620	62.498522791240881204
42.227858750685453868	45.604973507430527878	62.561797966191495500
42.322408781711484353	45.709912231543224064	62.623097273420596667
42.414991950345006264	45.812448782428195315	62.682492470897436315
42.505645258246146513	45.912646967499011646	62.740052387621924415
42.594405491341543676	46.010568632489884121	62.795843053769117054
42.681309174949540136	46.106273731254722534	62.849927824746642528
42.766392533777996906	46.199820392775162216	62.902367499452067840
42.849691456379848668	46.291264985487988821	62.953220433004573924
42.931241463686041857	46.380662179039996687	63.002542644213082926
43.011077681267071774	46.468065003575599667	63.050387918031171734
43.089234815003214973	46.553524906659550419	63.096807903237717038
43.165747129869977211	46.637091807933979028	63.141852205571248628
43.240648431569461315	46.718814151605689957	63.185568476535438193
43.313972050760499506	46.798738956856302976	63.228002498083015522
43.385750829660670964	46.876911866264428040	63.269198263375677738
43.456017110811900120	46.953377192325657520	63.309198053808231681
43.524802727818353534	47.028177962152768991	63.348042512476276689
43.592138997880957959	47.101355960435178628	63.385770714258184918
43.658056715967172619	47.172951770733387923	63.422420232673958607
43.722586150467776596	47.243004815180938010	63.458027203675727267
43.785757040204479842	47.311553392663238090	63.492626386517181625
43.847598592663225835	47.378634715539575612	63.526251221842113037
43.908139483338210513	47.444284944971652318	63.558933887125425627
43.967407856080972124	47.508539224919126686	63.590705349593501597
44.025431324357480478	47.571431714859882457	63.621595416744615917
44.082236973324035514	47.632995621290086854	63.651632784584203379
44.137851362640032123	47.693263228056550918	63.680845083684166931
44.192300529942314256	47.752265925571458357	63.709258923170070042
44.245609994911974345	47.810034238957186899	63.736899932734966044
44.297804763870098677	47.866597855166706017	63.763792802773773365
44.348909334844155373	47.921985649122894895	63.789961322727496065
44.398947703051506432	47.976225708918082239	63.815428417722204469
44.447943366750931750	48.029345360113161720	63.840216183583520058
44.495919333417112865	48.081371189173781433	63.864345920303382998
44.542898126196764417	48.132329066079338509	63.887838164032110151
44.588901790608548582	48.182244166138828510	63.910712717665166815
44.633951901452085055	48.231140991045999668	63.932988680090668572
44.678069569894298242	48.279043389204741294	63.954684474160391435
44.721275450704043818	48.325974575354190223	63.975817873443991458
44.763589749608447055	48.371957149521665925	63.996406027823211135
44.805032230746681602	48.417013115330240417	64.016465487980071709
44.845622224199035139	48.461163897686510124	64.036012228830411250
44.885378633571061404	48.504430359872960607	64.055061671951620787
44.924319943614419483	48.546832820068198126	64.073628707051048712
44.962464227867662441	48.588391067317261527	64.091727712519280950
44.999829156301769624	48.629124376973221525	64.109372575110354646
45.036432002956629773	48.669051525630318556	64.126576708788921474
45.072289653555985018	48.708190805567983292	64.143353072782436890
45.107418613089547010	48.746560038724222371	64.159714188874609395
45.141835013352103889	48.784176590216034122	64.175672157974593583
45.175554620430457389	48.821057381423742199	64.191238675994748288
45.208592842129970007	48.857218902655397545	64.206425049068201879
45.240964735333368619	48.892677225406698091	64.221242208135966333
45.272685013285248970	48.927448014231210117	64.235700722931916459
45.303768052796460330	48.961546538235042311	64.249810815392596521
45.334227901363225731	48.994987682209522282	64.263582372517529881
45.364078284196475434	49.027785957414853629	64.277024958704485010
45.393332611157443349	49.059955512027187881	64.290147827582989501
45.422003983596101884	49.091510141261028512	64.302959933368280093
45.450105201089493645	49.122463297178392297	64.315469941756827727
45.477648768077461802	49.152828098195684682	64.327686240383579779
45.504646900393687535	49.182617338298800364	64.339616948860114138
45.531111531690315725	49.211843495976535336	64.351269928411999091
45.557054319754791473	49.240518742881992418	64.362652791132796917
45.582486652717842258	49.268654952231276715	64.373772908871335097
45.607419655151826081	49.296263706948410107	64.384637421768095206
45.631864194058926544	49.323356307565043439	64.395253246455833658
45.655830884748913362	49.349943779883210963	64.405627083938848747
45.679330096606403216	49.376036882409052558	64.415765427164642958
45.702371958747752522	49.401646113565125017	64.425674568301096418
45.724966365567892158	49.426781718688632802	64.435360605731665325
45.747122982177575938	49.451453696822631197	64.444829450780546317
45.768851249731660647	49.475671807306989424	64.454086834179202705
45.790160390649167394	49.499445576175647568	64.463138312285129915
45.811059413725992347	49.522784302366458841	64.471989273063243854
45.831557119141241342	49.545697063749676637	64.480644941839806254
45.851662103358257756	49.568192722980923816	64.489110386838353871
45.871382763921497393	49.590279933184269403	64.497390524506672674
45.890727304150479236	49.611967143470834131	64.505490124643452954
45.909703737732106728	49.633262604298151730	64.513413815332875299
45.928319893212712046	49.654174372675325841	64.521166087695009817
45.946583418391226213	49.674710317218843666	64.528751300459560999
45.964501784614921082	49.694878123063735768	64.536173684370157008
45.982082290979206232	49.714685296634606873	64.543437346426064621
45.999332068432994802	49.734139170280904584	64.550546273967908220
46.016258083791178086	49.753246906780641412	64.557504338613682794
46.032867143655769291	49.772015503716639984	64.564315300051075981
46.049165898247293152	49.790451797729231599	64.570982809691852110
46.065160845148010091	49.808562468649204011	64.577510414193801271
46.080858332958571806	49.826354043514665447	64.583901558855518330
46.096264564869710043	49.843832900475367800	64.590159590889049581
46.111385602150561764	49.861005272587912774	64.596287762575228070
46.126227367555232748	49.877877251505150181	64.602289234306311976
46.140795648649197646	49.894454791062967231	64.608167077520343321
46.155096101057128323	49.910743710767561614	64.613924277531456080
46.169134251633733748	49.926749699186189019	64.619563736260183407
46.182915501559184384	49.942478317244277430	64.625088274867642256
46.196445129360681799	49.957935001431705828	64.630500636297310215
46.209728293861720519	49.973125066920953765	64.635803487727953279
46.222770037060573979	49.988053710599740390	64.640999422941114208
46.235575286939519952	50.002726014020686841	64.646090964606428811
46.248148860206303413	50.017146946270454324	64.651080566487901559
46.260495464969316109	50.031321366760731477	64.655970615574142108
