.50281881963660991220e-7	.99257425381109038293e-7	.18525229771573001766e-6
.51964073219679106468e-7	.10252717823520949344e-6	.19009251435381634524e-6
.53905803102481472496e-7	.10631365338178186512e-6	.19563041357902610063e-6
.56082940321971017110e-7	.11057155797827939634e-6	.20170154045586440804e-6
.58477026750575696930e-7	.11526799783844461146e-6	.20814815225454987594e-6
.61074838043055083885e-7	.12038184717882264555e-6	.21481545935108784166e-6
.63867772180795275707e-7	.12590284830154196665e-6	.22154955454583846400e-6
.66851225548470043848e-7	.13183078500977538091e-6	.22819957370627630156e-6
.70024038565472794164e-7	.13817492525356289166e-6	.23462572418483692120e-6
.73388043085513928169e-7	.14495383940343808255e-6	.24071222252964745619e-6
.76947716481249411239e-7	.15219566126520204943e-6	.24638047595307504721e-6
.80709934701624427844e-7	.15993885548596417647e-6	.25159593723675527546e-6
.84683812304890821287e-7	.16823357725028427036e-6	.25636477774422503467e-6
.88880617420783715960e-7	.17714375352322899631e-6	.26072229432636643283e-6
.93313751427889933389e-7	.18675007966976713969e-6	.26471875961193060347e-6
.97998785631047705340e-7	.19715421429048755899e-6	.26840775238353134964e-6
.10295354983298344091e-6	.20848457212174864302e-6	.27183895528662517127e-6
.10819827021397142838e-6	.22090425730950271939e-6	.27505493632883065228e-6
.11375575634292726033e-6	.23462182255175331630e-6	.27809051721332349102e-6
.11965163950980470085e-6	.24990559853084908567e-6	.28097345285054535583e-6
.12591466700059750145e-6	.26710208752852806639e-6	.28372559029411354483e-6
.13257705956307148795e-6	.28665785941621838383e-6	.28636406928886399946e-6
.13967494228213076681e-6	.30914169023312479979e-6	.28890237842829415523e-6
.14724886257032448725e-6	.33525871154445819008e-6	.29135121445407569990e-6
.15534441318906138410e-6	.36584318969790708520e-6	.29371915250072008335e-6
.16401298341303620593e-6	.40182068600440123193e-6	.29601315670495303022e-6
.17331266798286282955e-6	.44415756697650006761e-6	.29823896426466314709e-6
.18330937183526068615e-6	.49385604566041251049e-6	.30040137255854850715e-6
.19407815942097422709e-6	.55205324971823516340e-6	.30250445341839033982e-6
.20570491165835496310e-6	.62022350400816666303e-6	.30455171322282687647e-6
.21828837256941033182e-6	.70044286602336685296e-6	.30654621289528638335e-6
.23194269334377789810e-6	.79571257096499747731e-6	.30849065827083896490e-6
.24680061679775766300e-6	.91041360366151204147e-6	.31038746854645519626e-6
.26301749409885014373e-6	.39243124233337369330e-6	.31223882848132818458e-6
.28077639441960020984e-6	.38746917310852561675e-6	.31404672850657051798e-6
.30029466627983963198e-6	.38339498318725413997e-6	.31581299580063661734e-6
.32183245124776125220e-6	.38004453636703269096e-6	.31753931858166432311e-6
.34570385920098720307e-6	.37728809788457423163e-6	.31922726528019281431e-6
.37229182605677114918e-6	.37502273996234999475e-6	.32087829982604163800e-6
.40206814967338976280e-6	.37316629629878945365e-6	.32249379396822269699e-6
.43562093805021233633e-6	.37165268811419583269e-6	.32407503731521091520e-6
.47369287926386500851e-6	.37042835516694083582e-6	.32562324561202775440e-6
.51723566211971298315e-6	.36944953967743037533e-6	.32713956764399985864e-6
.56748910350514587426e-6	.36868021577740611355e-6	.32862509106288476375e-6
.62609914345300091615e-6	.36809050375955290860e-6	.33008084736071156204e-6
.69529897275680741465e-6	.36765544801357541750e-6	.33150781616391835558e-6
.77819656570661711821e-6	.36735406852967659165e-6	.33290692898062268165e-6
.87924946687027352150e-6	.36716861919723283838e-6	.33427907250379916675e-6
.10050864352958657401e-5	.36708400339617878952e-6	.33562509155030807966e-6
.11660125725917736497e-5	.36708731005530450912e-6	.33694579169830954755e-6
.13789680249900294085e-5	.36716744264084471414e-6	.33824194167227019879e-6
.16738922002290456990e-5	.36731482035801210551e-6	.33951427551452451021e-6
.21091521490570562279e-5	.36752113587413350544e-6	.34076349457444728122e-6
.28157841397429394059e-5	.36777915759596667569e-6	.34199026934016794235e-6
.45382760191247776958e-6	.36808256730969309362e-6	.34319524113299151533e-6
.45201871639141265621e-6	.36842582607479469191e-6	.34437902368096747207e-6
.45033784669040192666e-6	.36880406283612779817e-6	.34554220458512579643e-6
.44877598929710425013e-6	.36921298141473928028e-6	.34668534668959614230e-6
.44732479801401863506e-6	.36964878245373048810e-6	.34780898936500136065e-6
.44597653830123498768e-6	.37010809760115576389e-6	.34891364971306384343e-6
.44472404381995551498e-6	.37058793375924430161e-6	.34999982369919992672e-6
.44356067530964723731e-6	.37108562565636149037e-6	.35106798721894072107e-6
.44248028186262341939e-6	.37159879533348667535e-6	.35211859710325829138e-6
.44147716460574717337e-6	.37212531740183470598e-6	.35315209206725623076e-6
.44054604275748947081e-6	.37266328913859260797e-6	.35416889360617394588e-6
.43968202199763293700e-6	.37321100465570359785e-6	.35516940684223150229e-6
.43888056506459863802e-6	.37376693251144746433e-6	.35615402132548879431e-6
.43813746448003444923e-6	.37432969624332130700e-6	.35712311179159512157e-6
.43744881729052670864e-6	.37489805738887766724e-6	.35807703887905201004e-6
.43681100171088965868e-6	.37547090063296079482e-6	.35901614980839468742e-6
.43622065555145804412e-6	.37604722077849492477e-6	.35994077902550921623e-6
.43567465631234224088e-6	.37662611128620532310e-6	.36085124881113754078e-6
.43517010283004026887e-6	.37720675416842831873e-6	.36174786985847735949e-6
.43470429836560480083e-6	.37778841105510049674e-6	.36263094182065442452e-6
.43427473502831274803e-6	.37837041527738943137e-6	.36350075382972889862e-6
.43387907943414769115e-6	.37895216483726066150e-6	.36435758498879262555e-6
.43351515950412323620e-6	.37953311615038760937e-6	.36520170483861886725e-6
.43318095231335077786e-6	.38011277846586286113e-6	.36603337380023884415e-6
.43287457290763945345e-6	.38069070887969442394e-6	.36685284359473916532e-6
.43259426401019965090e-6	.38126650787050257658e-6	.36766035764150004201e-6
.43233838654662563992e-6	.38183981529552486271e-6	.36845615143602529837e-6
.43210541092170341503e-6	.38241030679327746356e-6	.36924045290845101689e-6
.43189390898669129034e-6	.38297769054624769324e-6	.37001348276375968174e-6
.43170254664053235899e-6	.38354170436299992553e-6	.37077545480467048392e-6
.43153007701296987725e-6	.38410211304422722339e-6	.37152657623812368451e-6
.43137533418174749275e-6	.38465870600170702710e-6	.37226704796622728876e-6
.43123722737999061031e-6	.38521129510293266578e-6	.37299706486248751589e-6
.43111473565349201336e-6	.38575971271748591902e-6	.37371681603410043412e-6
.43100690293097606703e-6	.38630380994406693104e-6	.37442648507104047607e-6
.43091283347350527559e-6	.38684345499957151138e-6	.37512625028264219054e-6
.43083168767203566902e-6	.38737853175375694332e-6	.37581628492233437023e-6
.43076267816473898972e-6	.38790893839491198623e-6	.37649675740115048917e-6
.43070506624810558790e-6	.38843458621358377450e-6	.37716783149060607068e-6
.43065815855803770957e-6	.38895539849284682400e-6	.37782966651550206875e-6
.43062130399915341125e-6	.38947130949485540312e-6	.37848241753718349328e-6
.43059389090236096878e-6	.38998226353452399803e-6	.37912623552775423961e-6
.43057534439244593826e-6	.39048821413215187626e-6	.37976126753572231661e-6
.43056512394895076046e-6	.39098912323766425359e-6	.38038765684352431981e-6
.43056272114503194649e-6	.39148496051989922830e-6	.38100554311735399582e-6
.43056765755026358348e-6	.39197570271503928654e-6	.38161506254969701776e-6
.43057948278452849042e-6	.39246133302887983184e-6	.38221634799495257436e-6
.43059777271120939141e-6	.39294184058815436481e-6	.38280952909850200341e-6
.43062212775887075126e-6	.39341721993660484822e-6	.38339473241956541565e-6
.43065217136151553765e-6	.39388747057190354947e-6	.38397208154816900086e-6
.43068754850831754722e-6	.39435259651990541923e-6	.38454169721652842968e-6
.43072792439447586641e-6	.39481260594304319739e-6	.38510369740513741406e-6
.43077298316551974473e-6	.39526751077997559353e-6	.38565819744383501598e-6
.43082242674801531752e-6	.39571732641386612718e-6	.38620531010811065339e-6
.43087597376019540881e-6	.39616207136691008421e-6	.38674514571089190179e-6
.43093335849655480001e-6	.39660176701894264125e-6	.38727781219004708420e-6
.43099432998093016965e-6	.39703643734815525788e-6	.38780341519182224956e-6
.43105865108302031404e-6	.39746610869212230745e-6	.38832205815042041221e-6
.43112609769370182153e-6	.39789080952749771708e-6	.38883384236391983841e-6
.43119645795486133773e-6	.39831057026688395151e-6	.38933886706671767727e-6
.43126953153980088581e-6	.39872542307150463239e-6	.38983722949867531623e-6
.43134512898058007982e-6	.39913540167842887064e-6	.39032902497113246185e-6
.43142307103894093920e-6	.39954054124120126841e-6	.39081434692994807928e-6
.43150318811771960362e-6	.39994087818282764854e-6	.39129328701571793687e-6
.43158531970988658149e-6	.40033645006015388333e-6	.39176593512131057287e-6
.43166931388257508748e-6	.40072729543875461113e-6	.39223237944685600438e-6
.43175502679365720849e-6	.40111345377752093106e-6	.39269270655231440872e-6
.43184232223861160985e-6	.40149496532220205547e-6	.39314700140774530430e-6
.43193107122559564092e-6	.40187187100721600185e-6	.39359534744139141962e-6
.43202115157679028880e-6	.40224421236509927756e-6	.39403782658568544535e-6
.43211244755422960887e-6	.40261203144301564952e-6	.39447451932128219841e-6
.43220484950845808248e-6	.40297537072578994720e-6	.39490550471921336491e-6
.43229825354848077011e-6	.40333427306497481498e-6	.39533086048125692381e-6
.43239256123158301554e-6	.40368878161349677530e-6	.39575066297860855714e-6
.43248767927169960435e-6	.40403893976546320247e-6	.39616498728893782164e-6
.43258351926510841853e-6	.40438479110074413531e-6	.39657390723190756635e-6
.43267999743231141537e-6	.40472637933397253102e-6	.39697749540323102722e-6
.43277703437504679788e-6	.40506374826763382260e-6	.39737582320733719069e-6
.43287455484745109036e-6	.40539694174894069711e-6	.39776896088871138929e-6
.43297248754045898612e-6	.40572600363021205799e-6	.39815697756197465723e-6
.43307076487859275829e-6	.40605097773249634108e-6	.39853994124076212376e-6
.43316932282835214043e-6	.40637190781219888285e-6	.39891791886545764625e-6
.43326810071747027365e-6	.40668883753049103079e-6	.39929097632983897400e-6
.43336704106435193958e-6	.40700181042529526857e-6	.39965917850668497766e-6
.43346608941705716881e-6	.40731086988565592496e-6	.40002258927239387048e-6
.43356519420123673669e-6	.40761605912831914506e-6	.40038127153065887833e-6
.43366430657646629692e-6	.40791742117635883122e-6	.40073528723524547482e-6
.43376338030046321049e-6	.40821499883969728871e-6	.40108469741191208438e-6
.43386237160070472904e-6	.40850883469738042784e-6	.40142956217951405689e-6
.43396123905299829963e-6	.40879897108147764416e-6	.40176994077032872983e-6
.43405994346658455934e-6	.40908545006248599872e-6	.40210589154963751168e-6
.43415844777538126545e-6	.40936831343612710247e-6	.40243747203459913354e-6
.43425671693500211657e-6	.40964760271143323910e-6	.40276473891244652711e-6
.43435471782520831492e-6	.40992335910002678177e-6	.40308774805803818207e-6
.43445241915747293448e-6	.41019562350650392497e-6	.40340655455079331654e-6
.43454979138735882154e-6	.41046443651984020242e-6	.40372121269103875340e-6
.43464680663142997751e-6	.41072983840574123645e-6	.40403177601579402782e-6
.43474343858843426753e-6	.41099186909986770176e-6	.40433829731401995570e-6
.43483966246451195828e-6	.41125056820186861639e-6	.40464082864135466275e-6
.43493545490220010854e-6	.41150597497016183022e-6	.40493942133435990591e-6
.43503079391301729460e-6	.41175812831740499202e-6	.40523412602429941447e-6
.43512565881342663361e-6	.41200706680660436596e-6	.40552499265046992354e-6
.43522003016398763600e-6	.41225282864781266335e-6	.40581207047310457835e-6
.43531388971151914277e-6	.41249545169537057510e-6	.40609540808586743860e-6
.43540722033410654372e-6	.41273497344564995768e-6	.40637505342795691365e-6
.43550000598879668593e-6	.41297143103525965554e-6	.40665105379583510502e-6
.43559223166183341666e-6	.41320486123967775774e-6	.40692345585459922151e-6
.43568388332129561379e-6	.41343530047227669790e-6	.40719230564901046137e-6
.43577494787200787997e-6	.41366278478371003201e-6	.40745764861419502340e-6
.43586541311260185647e-6	.41388734986163197957e-6	.40771952958603121375e-6
.43595526769461338848e-6	.41410903103072290484e-6	.40797799281123595294e-6
.43604450108350757679e-6	.41432786325299585699e-6	.40823308195716335887e-6
.43613310352153011897e-6	.41454388112836108988e-6	.40848484012132748473e-6
.43622106599228930070e-6	.41475711889542715901e-6	.40873330984066072109e-6
.43630838018697857750e-6	.41496761043251874704e-6	.40897853310051883176e-6
.43639503847215491298e-6	.41517538925889281558e-6	.40922055134344307865e-6
.43648103385899293340e-6	.41538048853613602299e-6	.40945940547768940143e-6
.43656635997393954720e-6	.41558294106972759421e-6	.40969513588553415313e-6
.43665101103069797872e-6	.41578277931075298798e-6	.40992778243136544963e-6
.43673498180347419685e-6	.41598003535775478207e-6	.41015738446956876933e-6
.43681826760142250417e-6	.41617474095870819716e-6	.41038398085221503982e-6
.43690086424423060042e-6	.41636692751310960753e-6	.41060760993655906412e-6
.43698276803878776612e-6	.41655662607416725104e-6	.41082830959235577859e-6
.43706397575688294068e-6	.41674386735108414968e-6	.41104611720900148623e-6
.43714448461388240652e-6	.41692868171142399799e-6	.41126106970250688150e-6
.43722429224833955184e-6	.41711109918355146609e-6	.41147320352230836778e-6
.43730339670249177670e-6	.41729114945913900800e-6	.41168255465792387083e-6
.43738179640360204701e-6	.41746886189573285857e-6	.41188915864545906647e-6
.43745949014610489272e-6	.41764426551937145992e-6	.41209305057396967005e-6
.43753647707451880291e-6	.41781738902725006789e-6	.41229426509168517691e-6
.43761275666708899981e-6	.41798826079042576970e-6	.41249283641209919720e-6
.43768832872012648345e-6	.41815690885655758397e-6	.41268879831993129378e-6
.43776319333301103568e-6	.41832336095267672689e-6	.41288218417696500914e-6
.43783735089382756619e-6	.41848764448798250929e-6	.41307302692776655391e-6
.43791080206560677652e-6	.41864978655665968276e-6	.41326135910528842739e-6
.43798354777314262292e-6	.41880981394071338228e-6	.41344721283636204660e-6
.43805558919036047270e-6	.41896775311281811619e-6	.41363061984708327683e-6
.43812692772821118602e-6	.41912363023917753799e-6	.41381161146809458048e-6
.43819756502306761349e-6	.41927747118239199540e-6	.41399021863976733427e-6
.43826750292560118873e-6	.41942930150433109547e-6	.41416647191728770504e-6
.43833674349011741535e-6	.41957914646900874948e-6	.41434040147564932240e-6
.43840528896433010694e-6	.41972703104545836966e-6	.41451203711455584138e-6
.43847314177955523767e-6	.41987297991060608395e-6	.41468140826323635067e-6
.43854030454130620465e-6	.42001701745214001216e-6	.41484854398517644936e-6
.43860678002027319554e-6	.42015916777137381487e-6	.41501347298276769052e-6
.43867257114367019709e-6	.42029945468610287831e-6	.41517622360187796957e-6
