-0.26021E+01 -0.39318E+01  0.10014E+01  0.14187E-03  0.11700E-03  0.25000E-02
-0.23010E+01 -0.36340E+01  0.10029E+01  0.28205E-03  0.23228E-03  0.50000E-02
-0.21249E+01 -0.34611E+01  0.10044E+01  0.42057E-03  0.34585E-03  0.75000E-02
-0.20000E+01 -0.33394E+01  0.10059E+01  0.55742E-03  0.45770E-03  0.10000E-01
-0.19031E+01 -0.32458E+01  0.10074E+01  0.69261E-03  0.56784E-03  0.12500E-01
-0.18239E+01 -0.31699E+01  0.10090E+01  0.82615E-03  0.67628E-03  0.15000E-01
-0.17570E+01 -0.31062E+01  0.10105E+01  0.95804E-03  0.78303E-03  0.17500E-01
-0.16990E+01 -0.30515E+01  0.10121E+01  0.10883E-02  0.88808E-03  0.20000E-01
-0.16478E+01 -0.30037E+01  0.10137E+01  0.12169E-02  0.99146E-03  0.22500E-01
-0.16021E+01 -0.29613E+01  0.10154E+01  0.13439E-02  0.10931E-02  0.25000E-01
-0.15607E+01 -0.29233E+01  0.10170E+01  0.14692E-02  0.11932E-02  0.27500E-01
-0.15229E+01 -0.28889E+01  0.10187E+01  0.15930E-02  0.12915E-02  0.30000E-01
-0.14881E+01 -0.28575E+01  0.10204E+01  0.17151E-02  0.13882E-02  0.32500E-01
-0.14559E+01 -0.28288E+01  0.10221E+01  0.18356E-02  0.14833E-02  0.35000E-01
-0.14260E+01 -0.28023E+01  0.10239E+01  0.19546E-02  0.15767E-02  0.37500E-01
-0.13979E+01 -0.27777E+01  0.10257E+01  0.20719E-02  0.16684E-02  0.40000E-01
-0.13716E+01 -0.27548E+01  0.10275E+01  0.21877E-02  0.17586E-02  0.42500E-01
-0.13468E+01 -0.27335E+01  0.10293E+01  0.23019E-02  0.18471E-02  0.45000E-01
-0.13233E+01 -0.27136E+01  0.10312E+01  0.24145E-02  0.19340E-02  0.47500E-01
-0.13010E+01 -0.26948E+01  0.10331E+01  0.25256E-02  0.20192E-02  0.50000E-01
-0.12798E+01 -0.26772E+01  0.10350E+01  0.26351E-02  0.21029E-02  0.52500E-01
-0.12596E+01 -0.26606E+01  0.10369E+01  0.27431E-02  0.21850E-02  0.55000E-01
-0.12403E+01 -0.26448E+01  0.10389E+01  0.28495E-02  0.22655E-02  0.57500E-01
-0.12218E+01 -0.26300E+01  0.10409E+01  0.29545E-02  0.23444E-02  0.60000E-01
-0.12041E+01 -0.26159E+01  0.10429E+01  0.30579E-02  0.24217E-02  0.62500E-01
-0.11871E+01 -0.26025E+01  0.10450E+01  0.31598E-02  0.24975E-02  0.65000E-01
-0.11707E+01 -0.25898E+01  0.10471E+01  0.32602E-02  0.25717E-02  0.67500E-01
-0.11549E+01 -0.25777E+01  0.10492E+01  0.33591E-02  0.26444E-02  0.70000E-01
-0.11397E+01 -0.25661E+01  0.10513E+01  0.34565E-02  0.27155E-02  0.72500E-01
-0.11249E+01 -0.25552E+01  0.10535E+01  0.35525E-02  0.27851E-02  0.75000E-01
-0.11107E+01 -0.25447E+01  0.10557E+01  0.36470E-02  0.28532E-02  0.77500E-01
-0.10969E+01 -0.25347E+01  0.10580E+01  0.37401E-02  0.29198E-02  0.80000E-01
-0.10835E+01 -0.25251E+01  0.10603E+01  0.38317E-02  0.29848E-02  0.82500E-01
-0.10706E+01 -0.25159E+01  0.10626E+01  0.39219E-02  0.30484E-02  0.85000E-01
-0.10580E+01 -0.25072E+01  0.10650E+01  0.40106E-02  0.31105E-02  0.87500E-01
-0.10458E+01 -0.24988E+01  0.10674E+01  0.40980E-02  0.31711E-02  0.90000E-01
-0.10339E+01 -0.24908E+01  0.10698E+01  0.41839E-02  0.32302E-02  0.92500E-01
-0.10223E+01 -0.24831E+01  0.10723E+01  0.42685E-02  0.32879E-02  0.95000E-01
-0.10110E+01 -0.24757E+01  0.10748E+01  0.43517E-02  0.33441E-02  0.97500E-01
-0.10000E+01 -0.24687E+01  0.10774E+01  0.44335E-02  0.33989E-02  0.10000E+00
-0.98928E+00 -0.24619E+01  0.10800E+01  0.45139E-02  0.34522E-02  0.10250E+00
-0.97881E+00 -0.24554E+01  0.10826E+01  0.45930E-02  0.35042E-02  0.10500E+00
-0.96859E+00 -0.24492E+01  0.10853E+01  0.46708E-02  0.35547E-02  0.10750E+00
-0.95861E+00 -0.24432E+01  0.10880E+01  0.47472E-02  0.36038E-02  0.11000E+00
-0.94885E+00 -0.24375E+01  0.10908E+01  0.48224E-02  0.36515E-02  0.11250E+00
-0.93930E+00 -0.24320E+01  0.10936E+01  0.48962E-02  0.36979E-02  0.11500E+00
-0.92996E+00 -0.24268E+01  0.10964E+01  0.49687E-02  0.37429E-02  0.11750E+00
-0.92082E+00 -0.24218E+01  0.10994E+01  0.50400E-02  0.37865E-02  0.12000E+00
-0.91186E+00 -0.24169E+01  0.11023E+01  0.51100E-02  0.38288E-02  0.12250E+00
-0.90309E+00 -0.24123E+01  0.11053E+01  0.51787E-02  0.38697E-02  0.12500E+00
-0.89449E+00 -0.24079E+01  0.11084E+01  0.52462E-02  0.39094E-02  0.12750E+00
-0.88606E+00 -0.24037E+01  0.11115E+01  0.53124E-02  0.39477E-02  0.13000E+00
-0.87778E+00 -0.23996E+01  0.11146E+01  0.53775E-02  0.39847E-02  0.13250E+00
-0.86967E+00 -0.23957E+01  0.11179E+01  0.54413E-02  0.40204E-02  0.13500E+00
-0.86170E+00 -0.23920E+01  0.11211E+01  0.55040E-02  0.40548E-02  0.13750E+00
-0.85387E+00 -0.23885E+01  0.11244E+01  0.55654E-02  0.40880E-02  0.14000E+00
-0.84619E+00 -0.23851E+01  0.11278E+01  0.56257E-02  0.41199E-02  0.14250E+00
-0.83863E+00 -0.23819E+01  0.11313E+01  0.56848E-02  0.41505E-02  0.14500E+00
-0.83121E+00 -0.23788E+01  0.11348E+01  0.57428E-02  0.41799E-02  0.14750E+00
-0.82391E+00 -0.23759E+01  0.11383E+01  0.57997E-02  0.42081E-02  0.15000E+00
-0.81673E+00 -0.23731E+01  0.11419E+01  0.58555E-02  0.42351E-02  0.15250E+00
-0.80967E+00 -0.23705E+01  0.11456E+01  0.59101E-02  0.42609E-02  0.15500E+00
-0.80272E+00 -0.23680E+01  0.11494E+01  0.59637E-02  0.42855E-02  0.15750E+00
-0.79588E+00 -0.23656E+01  0.11532E+01  0.60162E-02  0.43089E-02  0.16000E+00
-0.78915E+00 -0.23634E+01  0.11571E+01  0.60676E-02  0.43312E-02  0.16250E+00
-0.78252E+00 -0.23613E+01  0.11610E+01  0.61180E-02  0.43523E-02  0.16500E+00
-0.77599E+00 -0.23593E+01  0.11650E+01  0.61673E-02  0.43722E-02  0.16750E+00
-0.76955E+00 -0.23574E+01  0.11691E+01  0.62157E-02  0.43911E-02  0.17000E+00
-0.76321E+00 -0.23557E+01  0.11733E+01  0.62630E-02  0.44088E-02  0.17250E+00
-0.75696E+00 -0.23540E+01  0.11775E+01  0.63094E-02  0.44255E-02  0.17500E+00
-0.75080E+00 -0.23525E+01  0.11818E+01  0.63547E-02  0.44410E-02  0.17750E+00
-0.74473E+00 -0.23511E+01  0.11862E+01  0.63992E-02  0.44555E-02  0.18000E+00
-0.73874E+00 -0.23498E+01  0.11907E+01  0.64426E-02  0.44690E-02  0.18250E+00
-0.73283E+00 -0.23486E+01  0.11953E+01  0.64852E-02  0.44813E-02  0.18500E+00
-0.72700E+00 -0.23475E+01  0.11999E+01  0.65268E-02  0.44927E-02  0.18750E+00
-0.72125E+00 -0.23465E+01  0.12046E+01  0.65676E-02  0.45030E-02  0.19000E+00
-0.71557E+00 -0.23456E+01  0.12094E+01  0.66074E-02  0.45124E-02  0.19250E+00
-0.70997E+00 -0.23448E+01  0.12143E+01  0.66464E-02  0.45207E-02  0.19500E+00
-0.70443E+00 -0.23441E+01  0.12193E+01  0.66846E-02  0.45281E-02  0.19750E+00
-0.69897E+00 -0.23435E+01  0.12244E+01  0.67219E-02  0.45345E-02  0.20000E+00
-0.69357E+00 -0.23429E+01  0.12295E+01  0.67584E-02  0.45399E-02  0.20250E+00
-0.68825E+00 -0.23425E+01  0.12348E+01  0.67941E-02  0.45445E-02  0.20500E+00
-0.68298E+00 -0.23422E+01  0.12402E+01  0.68290E-02  0.45481E-02  0.20750E+00
-0.67778E+00 -0.23419E+01  0.12456E+01  0.68632E-02  0.45508E-02  0.21000E+00
-0.67264E+00 -0.23417E+01  0.12512E+01  0.68966E-02  0.45526E-02  0.21250E+00
-0.66756E+00 -0.23416E+01  0.12568E+01  0.69293E-02  0.45536E-02  0.21500E+00
-0.66254E+00 -0.23416E+01  0.12626E+01  0.69612E-02  0.45537E-02  0.21750E+00
-0.65758E+00 -0.23417E+01  0.12685E+01  0.69925E-02  0.45529E-02  0.22000E+00
-0.65267E+00 -0.23419E+01  0.12745E+01  0.70231E-02  0.45514E-02  0.22250E+00
-0.64782E+00 -0.23421E+01  0.12806E+01  0.70530E-02  0.45490E-02  0.22500E+00
-0.64302E+00 -0.23424E+01  0.12868E+01  0.70823E-02  0.45458E-02  0.22750E+00
-0.63827E+00 -0.23428E+01  0.12931E+01  0.71109E-02  0.45418E-02  0.23000E+00
-0.63358E+00 -0.23432E+01  0.12996E+01  0.71390E-02  0.45371E-02  0.23250E+00
-0.62893E+00 -0.23437E+01  0.13062E+01  0.71665E-02  0.45317E-02  0.23500E+00
-0.62434E+00 -0.23443E+01  0.13128E+01  0.71933E-02  0.45255E-02  0.23750E+00
-0.61979E+00 -0.23450E+01  0.13197E+01  0.72197E-02  0.45186E-02  0.24000E+00
-0.61529E+00 -0.23457E+01  0.13266E+01  0.72455E-02  0.45110E-02  0.24250E+00
-0.61083E+00 -0.23465E+01  0.13337E+01  0.72708E-02  0.45027E-02  0.24500E+00
-0.60642E+00 -0.23474E+01  0.13409E+01  0.72956E-02  0.44937E-02  0.24750E+00
-0.60206E+00 -0.23483E+01  0.13483E+01  0.73199E-02  0.44842E-02  0.25000E+00
-0.59774E+00 -0.23493E+01  0.13557E+01  0.73438E-02  0.44739E-02  0.25250E+00
-0.59346E+00 -0.23504E+01  0.13634E+01  0.73672E-02  0.44631E-02  0.25500E+00
-0.58922E+00 -0.23515E+01  0.13711E+01  0.73903E-02  0.44517E-02  0.25750E+00
-0.58503E+00 -0.23526E+01  0.13791E+01  0.74129E-02  0.44397E-02  0.26000E+00
-0.58087E+00 -0.23539E+01  0.13871E+01  0.74352E-02  0.44272E-02  0.26250E+00
-0.57675E+00 -0.23552E+01  0.13953E+01  0.74571E-02  0.44141E-02  0.26500E+00
-0.57268E+00 -0.23565E+01  0.14037E+01  0.74787E-02  0.44005E-02  0.26750E+00
-0.56864E+00 -0.23579E+01  0.14122E+01  0.75000E-02  0.43864E-02  0.27000E+00
-0.56463E+00 -0.23593E+01  0.14209E+01  0.75211E-02  0.43719E-02  0.27250E+00
-0.56067E+00 -0.23608E+01  0.14297E+01  0.75418E-02  0.43568E-02  0.27500E+00
-0.55674E+00 -0.23624E+01  0.14387E+01  0.75623E-02  0.43414E-02  0.27750E+00
-0.55284E+00 -0.23640E+01  0.14479E+01  0.75827E-02  0.43255E-02  0.28000E+00
-0.54898E+00 -0.23656E+01  0.14572E+01  0.76028E-02  0.43092E-02  0.28250E+00
-0.54516E+00 -0.23673E+01  0.14667E+01  0.76227E-02  0.42925E-02  0.28500E+00
-0.54136E+00 -0.23690E+01  0.14764E+01  0.76425E-02  0.42755E-02  0.28750E+00
-0.53760E+00 -0.23708E+01  0.14862E+01  0.76622E-02  0.42582E-02  0.29000E+00
-0.53387E+00 -0.23726E+01  0.14962E+01  0.76818E-02  0.42405E-02  0.29250E+00
-0.53018E+00 -0.23744E+01  0.15064E+01  0.77014E-02  0.42225E-02  0.29500E+00
-0.52651E+00 -0.23763E+01  0.15168E+01  0.77209E-02  0.42043E-02  0.29750E+00
-0.52288E+00 -0.23782E+01  0.15273E+01  0.77404E-02  0.41858E-02  0.30000E+00
-0.51927E+00 -0.23802E+01  0.15380E+01  0.77599E-02  0.41671E-02  0.30250E+00
-0.51570E+00 -0.23821E+01  0.15489E+01  0.77794E-02  0.41482E-02  0.30500E+00
-0.51215E+00 -0.23841E+01  0.15600E+01  0.77990E-02  0.41292E-02  0.30750E+00
-0.50864E+00 -0.23862E+01  0.15713E+01  0.78187E-02  0.41100E-02  0.31000E+00
-0.50515E+00 -0.23882E+01  0.15827E+01  0.78386E-02  0.40906E-02  0.31250E+00
-0.50169E+00 -0.23903E+01  0.15943E+01  0.78585E-02  0.40712E-02  0.31500E+00
-0.49826E+00 -0.23924E+01  0.16061E+01  0.78787E-02  0.40516E-02  0.31750E+00
-0.49485E+00 -0.23945E+01  0.16181E+01  0.78991E-02  0.40321E-02  0.32000E+00
-0.49147E+00 -0.23966E+01  0.16302E+01  0.79197E-02  0.40125E-02  0.32250E+00
-0.48812E+00 -0.23987E+01  0.16425E+01  0.79407E-02  0.39929E-02  0.32500E+00
-0.48479E+00 -0.24008E+01  0.16550E+01  0.79619E-02  0.39734E-02  0.32750E+00
-0.48149E+00 -0.24030E+01  0.16677E+01  0.79835E-02  0.39539E-02  0.33000E+00
-0.47821E+00 -0.24051E+01  0.16805E+01  0.80055E-02  0.39345E-02  0.33250E+00
-0.47496E+00 -0.24072E+01  0.16935E+01  0.80278E-02  0.39152E-02  0.33500E+00
-0.47173E+00 -0.24094E+01  0.17067E+01  0.80507E-02  0.38961E-02  0.33750E+00
-0.46852E+00 -0.24115E+01  0.17200E+01  0.80740E-02  0.38772E-02  0.34000E+00
-0.46534E+00 -0.24136E+01  0.17334E+01  0.80979E-02  0.38585E-02  0.34250E+00
-0.46218E+00 -0.24157E+01  0.17470E+01  0.81223E-02  0.38401E-02  0.34500E+00
-0.45905E+00 -0.24177E+01  0.17607E+01  0.81474E-02  0.38220E-02  0.34750E+00
-0.45593E+00 -0.24197E+01  0.17745E+01  0.81731E-02  0.38041E-02  0.35000E+00
-0.45284E+00 -0.24217E+01  0.17885E+01  0.81995E-02  0.37867E-02  0.35250E+00
-0.44977E+00 -0.24237E+01  0.18025E+01  0.82267E-02  0.37697E-02  0.35500E+00
-0.44672E+00 -0.24256E+01  0.18166E+01  0.82547E-02  0.37531E-02  0.35750E+00
-0.44370E+00 -0.24275E+01  0.18308E+01  0.82835E-02  0.37370E-02  0.36000E+00
-0.44069E+00 -0.24293E+01  0.18451E+01  0.83132E-02  0.37214E-02  0.36250E+00
-0.43771E+00 -0.24310E+01  0.18594E+01  0.83439E-02  0.37064E-02  0.36500E+00
-0.43474E+00 -0.24327E+01  0.18737E+01  0.83756E-02  0.36921E-02  0.36750E+00
-0.43180E+00 -0.24343E+01  0.18880E+01  0.84083E-02  0.36784E-02  0.37000E+00
-0.42887E+00 -0.24359E+01  0.19023E+01  0.84422E-02  0.36654E-02  0.37250E+00
-0.42597E+00 -0.24373E+01  0.19166E+01  0.84773E-02  0.36533E-02  0.37500E+00
-0.42308E+00 -0.24387E+01  0.19308E+01  0.85137E-02  0.36420E-02  0.37750E+00
-0.42022E+00 -0.24399E+01  0.19449E+01  0.85514E-02  0.36316E-02  0.38000E+00
-0.41737E+00 -0.24410E+01  0.19588E+01  0.85906E-02  0.36222E-02  0.38250E+00
-0.41454E+00 -0.24420E+01  0.19727E+01  0.86313E-02  0.36139E-02  0.38500E+00
-0.41173E+00 -0.24429E+01  0.19863E+01  0.86736E-02  0.36067E-02  0.38750E+00
-0.40894E+00 -0.24436E+01  0.19997E+01  0.87176E-02  0.36007E-02  0.39000E+00
-0.40616E+00 -0.24442E+01  0.20128E+01  0.87635E-02  0.35960E-02  0.39250E+00
-0.40340E+00 -0.24446E+01  0.20256E+01  0.88113E-02  0.35928E-02  0.39500E+00
-0.40066E+00 -0.24448E+01  0.20381E+01  0.88613E-02  0.35911E-02  0.39750E+00
-0.39794E+00 -0.24448E+01  0.20501E+01  0.89134E-02  0.35910E-02  0.40000E+00
-0.39523E+00 -0.24446E+01  0.20616E+01  0.89680E-02  0.35928E-02  0.40250E+00
-0.39254E+00 -0.24441E+01  0.20726E+01  0.90253E-02  0.35966E-02  0.40500E+00
-0.38987E+00 -0.24434E+01  0.20830E+01  0.90855E-02  0.36025E-02  0.40750E+00
-0.38722E+00 -0.24424E+01  0.20926E+01  0.91488E-02  0.36110E-02  0.41000E+00
-0.38458E+00 -0.24410E+01  0.21014E+01  0.92158E-02  0.36222E-02  0.41250E+00
-0.38195E+00 -0.24393E+01  0.21092E+01  0.92869E-02  0.36367E-02  0.41500E+00
-0.37934E+00 -0.24371E+01  0.21158E+01  0.93631E-02  0.36551E-02  0.41750E+00
-0.37675E+00 -0.24343E+01  0.21207E+01  0.94458E-02  0.36787E-02  0.42000E+00
-0.37417E+00 -0.24304E+01  0.21228E+01  0.95403E-02  0.37120E-02  0.42250E+00
-0.37161E+00 -0.24261E+01  0.21236E+01  0.96400E-02  0.37493E-02  0.42500E+00
-0.36906E+00 -0.24217E+01  0.21245E+01  0.97400E-02  0.37867E-02  0.42750E+00
-0.36653E+00 -0.24175E+01  0.21253E+01  0.98404E-02  0.38242E-02  0.43000E+00
-0.36401E+00 -0.24132E+01  0.21261E+01  0.99411E-02  0.38619E-02  0.43250E+00
-0.36151E+00 -0.24090E+01  0.21270E+01  0.10042E-01  0.38996E-02  0.43500E+00
-0.35902E+00 -0.24048E+01  0.21278E+01  0.10144E-01  0.39374E-02  0.43750E+00
-0.35655E+00 -0.24006E+01  0.21286E+01  0.10245E-01  0.39753E-02  0.44000E+00
-0.35409E+00 -0.23965E+01  0.21295E+01  0.10347E-01  0.40133E-02  0.44250E+00
-0.35164E+00 -0.23924E+01  0.21303E+01  0.10450E-01  0.40515E-02  0.44500E+00
-0.34921E+00 -0.23883E+01  0.21312E+01  0.10552E-01  0.40897E-02  0.44750E+00
-0.34679E+00 -0.23843E+01  0.21320E+01  0.10656E-01  0.41279E-02  0.45000E+00
-0.34438E+00 -0.23802E+01  0.21329E+01  0.10759E-01  0.41663E-02  0.45250E+00
-0.34199E+00 -0.23763E+01  0.21337E+01  0.10863E-01  0.42048E-02  0.45500E+00
-0.33961E+00 -0.23723E+01  0.21346E+01  0.10967E-01  0.42433E-02  0.45750E+00
-0.33724E+00 -0.23684E+01  0.21354E+01  0.11071E-01  0.42820E-02  0.46000E+00
-0.33489E+00 -0.23644E+01  0.21363E+01  0.11175E-01  0.43207E-02  0.46250E+00
-0.33255E+00 -0.23606E+01  0.21371E+01  0.11280E-01  0.43595E-02  0.46500E+00
-0.33022E+00 -0.23567E+01  0.21380E+01  0.11385E-01  0.43984E-02  0.46750E+00
-0.32790E+00 -0.23529E+01  0.21389E+01  0.11491E-01  0.44374E-02  0.47000E+00
-0.32560E+00 -0.23491E+01  0.21397E+01  0.11597E-01  0.44764E-02  0.47250E+00
-0.32331E+00 -0.23453E+01  0.21406E+01  0.11703E-01  0.45155E-02  0.47500E+00
-0.32103E+00 -0.23415E+01  0.21414E+01  0.11809E-01  0.45547E-02  0.47750E+00
-0.31876E+00 -0.23378E+01  0.21423E+01  0.11916E-01  0.45940E-02  0.48000E+00
-0.31650E+00 -0.23341E+01  0.21432E+01  0.12023E-01  0.46333E-02  0.48250E+00
-0.31426E+00 -0.23304E+01  0.21441E+01  0.12130E-01  0.46728E-02  0.48500E+00
-0.31203E+00 -0.23268E+01  0.21449E+01  0.12238E-01  0.47123E-02  0.48750E+00
-0.30980E+00 -0.23231E+01  0.21458E+01  0.12345E-01  0.47518E-02  0.49000E+00
-0.30759E+00 -0.23195E+01  0.21467E+01  0.12453E-01  0.47915E-02  0.49250E+00
-0.30539E+00 -0.23159E+01  0.21476E+01  0.12562E-01  0.48311E-02  0.49500E+00
-0.30321E+00 -0.23124E+01  0.21484E+01  0.12670E-01  0.48709E-02  0.49750E+00
-0.30103E+00 -0.23089E+01  0.21493E+01  0.12779E-01  0.49107E-02  0.50000E+00
-0.29886E+00 -0.23053E+01  0.21502E+01  0.12888E-01  0.49506E-02  0.50250E+00
-0.29671E+00 -0.23018E+01  0.21511E+01  0.12998E-01  0.49906E-02  0.50500E+00
-0.29456E+00 -0.22984E+01  0.21520E+01  0.13107E-01  0.50306E-02  0.50750E+00
-0.29243E+00 -0.22949E+01  0.21529E+01  0.13217E-01  0.50707E-02  0.51000E+00
-0.29031E+00 -0.22915E+01  0.21538E+01  0.13327E-01  0.51108E-02  0.51250E+00
-0.28819E+00 -0.22881E+01  0.21547E+01  0.13438E-01  0.51510E-02  0.51500E+00
-0.28609E+00 -0.22847E+01  0.21556E+01  0.13548E-01  0.51913E-02  0.51750E+00
-0.28400E+00 -0.22814E+01  0.21564E+01  0.13659E-01  0.52316E-02  0.52000E+00
-0.28191E+00 -0.22780E+01  0.21573E+01  0.13770E-01  0.52719E-02  0.52250E+00
-0.27984E+00 -0.22747E+01  0.21583E+01  0.13882E-01  0.53123E-02  0.52500E+00
-0.27778E+00 -0.22714E+01  0.21592E+01  0.13993E-01  0.53528E-02  0.52750E+00
-0.27572E+00 -0.22681E+01  0.21601E+01  0.14105E-01  0.53933E-02  0.53000E+00
-0.27368E+00 -0.22649E+01  0.21610E+01  0.14217E-01  0.54339E-02  0.53250E+00
-0.27165E+00 -0.22617E+01  0.21619E+01  0.14329E-01  0.54745E-02  0.53500E+00
-0.26962E+00 -0.22584E+01  0.21628E+01  0.14442E-01  0.55152E-02  0.53750E+00
-0.26761E+00 -0.22552E+01  0.21637E+01  0.14555E-01  0.55559E-02  0.54000E+00
-0.26560E+00 -0.22521E+01  0.21646E+01  0.14668E-01  0.55966E-02  0.54250E+00
-0.26360E+00 -0.22489E+01  0.21655E+01  0.14781E-01  0.56374E-02  0.54500E+00
-0.26162E+00 -0.22458E+01  0.21665E+01  0.14894E-01  0.56782E-02  0.54750E+00
-0.25964E+00 -0.22427E+01  0.21674E+01  0.15008E-01  0.57191E-02  0.55000E+00
-0.25767E+00 -0.22396E+01  0.21683E+01  0.15121E-01  0.57600E-02  0.55250E+00
-0.25571E+00 -0.22365E+01  0.21692E+01  0.15235E-01  0.58010E-02  0.55500E+00
-0.25376E+00 -0.22334E+01  0.21701E+01  0.15350E-01  0.58419E-02  0.55750E+00
-0.25181E+00 -0.22304E+01  0.21711E+01  0.15464E-01  0.58830E-02  0.56000E+00
-0.24988E+00 -0.22274E+01  0.21720E+01  0.15579E-01  0.59240E-02  0.56250E+00
-0.24795E+00 -0.22244E+01  0.21729E+01  0.15693E-01  0.59651E-02  0.56500E+00
-0.24603E+00 -0.22214E+01  0.21739E+01  0.15808E-01  0.60062E-02  0.56750E+00
-0.24413E+00 -0.22184E+01  0.21748E+01  0.15924E-01  0.60474E-02  0.57000E+00
-0.24222E+00 -0.22155E+01  0.21758E+01  0.16039E-01  0.60886E-02  0.57250E+00
-0.24033E+00 -0.22126E+01  0.21767E+01  0.16155E-01  0.61298E-02  0.57500E+00
-0.23845E+00 -0.22096E+01  0.21776E+01  0.16270E-01  0.61711E-02  0.57750E+00
-0.23657E+00 -0.22067E+01  0.21786E+01  0.16386E-01  0.62123E-02  0.58000E+00
-0.23470E+00 -0.22039E+01  0.21795E+01  0.16502E-01  0.62536E-02  0.58250E+00
-0.23284E+00 -0.22010E+01  0.21805E+01  0.16619E-01  0.62949E-02  0.58500E+00
-0.23099E+00 -0.21982E+01  0.21814E+01  0.16735E-01  0.63363E-02  0.58750E+00
-0.22915E+00 -0.21953E+01  0.21824E+01  0.16852E-01  0.63777E-02  0.59000E+00
-0.22731E+00 -0.21925E+01  0.21833E+01  0.16969E-01  0.64190E-02  0.59250E+00
-0.22548E+00 -0.21897E+01  0.21843E+01  0.17086E-01  0.64605E-02  0.59500E+00
-0.22366E+00 -0.21870E+01  0.21853E+01  0.17203E-01  0.65019E-02  0.59750E+00
-0.22185E+00 -0.21842E+01  0.21862E+01  0.17320E-01  0.65433E-02  0.60000E+00
-0.22004E+00 -0.21815E+01  0.21872E+01  0.17437E-01  0.65848E-02  0.60250E+00
-0.21824E+00 -0.21787E+01  0.21882E+01  0.17555E-01  0.66263E-02  0.60500E+00
-0.21645E+00 -0.21760E+01  0.21891E+01  0.17673E-01  0.66678E-02  0.60750E+00
-0.21467E+00 -0.21733E+01  0.21901E+01  0.17791E-01  0.67093E-02  0.61000E+00
-0.21289E+00 -0.21706E+01  0.21911E+01  0.17909E-01  0.67508E-02  0.61250E+00
-0.21112E+00 -0.21680E+01  0.21921E+01  0.18027E-01  0.67923E-02  0.61500E+00
-0.20936E+00 -0.21653E+01  0.21930E+01  0.18145E-01  0.68339E-02  0.61750E+00
-0.20761E+00 -0.21627E+01  0.21940E+01  0.18264E-01  0.68754E-02  0.62000E+00
-0.20586E+00 -0.21601E+01  0.21950E+01  0.18382E-01  0.69170E-02  0.62250E+00
-0.20412E+00 -0.21575E+01  0.21960E+01  0.18501E-01  0.69585E-02  0.62500E+00
-0.20239E+00 -0.21549E+01  0.21970E+01  0.18620E-01  0.70001E-02  0.62750E+00
-0.20066E+00 -0.21523E+01  0.21980E+01  0.18739E-01  0.70417E-02  0.63000E+00
-0.19894E+00 -0.21498E+01  0.21989E+01  0.18858E-01  0.70833E-02  0.63250E+00
-0.19723E+00 -0.21472E+01  0.21999E+01  0.18978E-01  0.71249E-02  0.63500E+00
-0.19552E+00 -0.21447E+01  0.22009E+01  0.19097E-01  0.71664E-02  0.63750E+00
-0.19382E+00 -0.21422E+01  0.22019E+01  0.19216E-01  0.72080E-02  0.64000E+00
-0.19213E+00 -0.21397E+01  0.22029E+01  0.19336E-01  0.72496E-02  0.64250E+00
-0.19044E+00 -0.21372E+01  0.22039E+01  0.19456E-01  0.72912E-02  0.64500E+00
-0.18876E+00 -0.21347E+01  0.22049E+01  0.19576E-01  0.73328E-02  0.64750E+00
-0.18709E+00 -0.21323E+01  0.22060E+01  0.19696E-01  0.73744E-02  0.65000E+00
-0.18542E+00 -0.21298E+01  0.22070E+01  0.19816E-01  0.74160E-02  0.65250E+00
-0.18376E+00 -0.21274E+01  0.22080E+01  0.19936E-01  0.74575E-02  0.65500E+00
-0.18210E+00 -0.21250E+01  0.22090E+01  0.20056E-01  0.74991E-02  0.65750E+00
-0.18046E+00 -0.21226E+01  0.22100E+01  0.20177E-01  0.75407E-02  0.66000E+00
-0.17881E+00 -0.21202E+01  0.22110E+01  0.20297E-01  0.75822E-02  0.66250E+00
-0.17718E+00 -0.21178E+01  0.22121E+01  0.20418E-01  0.76237E-02  0.66500E+00
-0.17555E+00 -0.21155E+01  0.22131E+01  0.20539E-01  0.76653E-02  0.66750E+00
-0.17393E+00 -0.21131E+01  0.22141E+01  0.20660E-01  0.77068E-02  0.67000E+00
-0.17231E+00 -0.21108E+01  0.22151E+01  0.20781E-01  0.77483E-02  0.67250E+00
-0.17070E+00 -0.21085E+01  0.22162E+01  0.20902E-01  0.77898E-02  0.67500E+00
-0.16909E+00 -0.21062E+01  0.22172E+01  0.21023E-01  0.78313E-02  0.67750E+00
-0.16749E+00 -0.21039E+01  0.22182E+01  0.21144E-01  0.78728E-02  0.68000E+00
-0.16590E+00 -0.21016E+01  0.22193E+01  0.21265E-01  0.79142E-02  0.68250E+00
-0.16431E+00 -0.20993E+01  0.22203E+01  0.21387E-01  0.79556E-02  0.68500E+00
-0.16273E+00 -0.20971E+01  0.22214E+01  0.21508E-01  0.79971E-02  0.68750E+00
-0.16115E+00 -0.20948E+01  0.22224E+01  0.21630E-01  0.80385E-02  0.69000E+00
-0.15958E+00 -0.20926E+01  0.22235E+01  0.21751E-01  0.80798E-02  0.69250E+00
-0.15802E+00 -0.20904E+01  0.22245E+01  0.21873E-01  0.81212E-02  0.69500E+00
-0.15646E+00 -0.20882E+01  0.22256E+01  0.21995E-01  0.81625E-02  0.69750E+00
-0.15490E+00 -0.20860E+01  0.22266E+01  0.22116E-01  0.82039E-02  0.70000E+00
-0.15335E+00 -0.20838E+01  0.22277E+01  0.22238E-01  0.82451E-02  0.70250E+00
-0.15181E+00 -0.20816E+01  0.22287E+01  0.22360E-01  0.82864E-02  0.70500E+00
-0.15027E+00 -0.20795E+01  0.22298E+01  0.22482E-01  0.83277E-02  0.70750E+00
-0.14874E+00 -0.20773E+01  0.22309E+01  0.22604E-01  0.83689E-02  0.71000E+00
-0.14722E+00 -0.20752E+01  0.22319E+01  0.22727E-01  0.84101E-02  0.71250E+00
-0.14569E+00 -0.20731E+01  0.22330E+01  0.22849E-01  0.84512E-02  0.71500E+00
-0.14418E+00 -0.20710E+01  0.22341E+01  0.22971E-01  0.84924E-02  0.71750E+00
-0.14267E+00 -0.20689E+01  0.22352E+01  0.23093E-01  0.85335E-02  0.72000E+00
-0.14116E+00 -0.20668E+01  0.22362E+01  0.23216E-01  0.85745E-02  0.72250E+00
-0.13966E+00 -0.20647E+01  0.22373E+01  0.23338E-01  0.86156E-02  0.72500E+00
-0.13817E+00 -0.20627E+01  0.22384E+01  0.23461E-01  0.86566E-02  0.72750E+00
-0.13668E+00 -0.20606E+01  0.22395E+01  0.23583E-01  0.86976E-02  0.73000E+00
-0.13519E+00 -0.20586E+01  0.22406E+01  0.23706E-01  0.87385E-02  0.73250E+00
-0.13371E+00 -0.20565E+01  0.22417E+01  0.23828E-01  0.87794E-02  0.73500E+00
-0.13224E+00 -0.20545E+01  0.22428E+01  0.23951E-01  0.88203E-02  0.73750E+00
-0.13077E+00 -0.20525E+01  0.22439E+01  0.24074E-01  0.88612E-02  0.74000E+00
-0.12930E+00 -0.20505E+01  0.22450E+01  0.24196E-01  0.89020E-02  0.74250E+00
-0.12784E+00 -0.20485E+01  0.22461E+01  0.24319E-01  0.89427E-02  0.74500E+00
-0.12639E+00 -0.20466E+01  0.22472E+01  0.24442E-01  0.89835E-02  0.74750E+00
-0.12494E+00 -0.20446E+01  0.22483E+01  0.24565E-01  0.90242E-02  0.75000E+00
-0.12349E+00 -0.20426E+01  0.22494E+01  0.24687E-01  0.90648E-02  0.75250E+00
-0.12205E+00 -0.20407E+01  0.22505E+01  0.24810E-01  0.91054E-02  0.75500E+00
-0.12062E+00 -0.20388E+01  0.22516E+01  0.24933E-01  0.91460E-02  0.75750E+00
-0.11919E+00 -0.20368E+01  0.22527E+01  0.25056E-01  0.91865E-02  0.76000E+00
-0.11776E+00 -0.20349E+01  0.22539E+01  0.25179E-01  0.92270E-02  0.76250E+00
-0.11634E+00 -0.20330E+01  0.22550E+01  0.25302E-01  0.92674E-02  0.76500E+00
-0.11492E+00 -0.20312E+01  0.22561E+01  0.25425E-01  0.93078E-02  0.76750E+00
-0.11351E+00 -0.20293E+01  0.22573E+01  0.25548E-01  0.93482E-02  0.77000E+00
-0.11210E+00 -0.20274E+01  0.22584E+01  0.25671E-01  0.93885E-02  0.77250E+00
-0.11070E+00 -0.20255E+01  0.22595E+01  0.25794E-01  0.94287E-02  0.77500E+00
-0.10930E+00 -0.20237E+01  0.22607E+01  0.25917E-01  0.94689E-02  0.77750E+00
-0.10791E+00 -0.20219E+01  0.22618E+01  0.26040E-01  0.95091E-02  0.78000E+00
-0.10652E+00 -0.20200E+01  0.22629E+01  0.26163E-01  0.95492E-02  0.78250E+00
-0.10513E+00 -0.20182E+01  0.22641E+01  0.26286E-01  0.95892E-02  0.78500E+00
-0.10375E+00 -0.20164E+01  0.22652E+01  0.26409E-01  0.96293E-02  0.78750E+00
-0.10237E+00 -0.20146E+01  0.22664E+01  0.26532E-01  0.96692E-02  0.79000E+00
-0.10100E+00 -0.20128E+01  0.22675E+01  0.26656E-01  0.97091E-02  0.79250E+00
-0.99633E-01 -0.20110E+01  0.22687E+01  0.26779E-01  0.97490E-02  0.79500E+00
-0.98269E-01 -0.20093E+01  0.22699E+01  0.26902E-01  0.97888E-02  0.79750E+00
-0.96910E-01 -0.20075E+01  0.22710E+01  0.27025E-01  0.98285E-02  0.80000E+00
-0.95555E-01 -0.20058E+01  0.22722E+01  0.27148E-01  0.98682E-02  0.80250E+00
-0.94204E-01 -0.20040E+01  0.22734E+01  0.27271E-01  0.99078E-02  0.80500E+00
-0.92857E-01 -0.20023E+01  0.22745E+01  0.27394E-01  0.99474E-02  0.80750E+00
-0.91515E-01 -0.20006E+01  0.22757E+01  0.27517E-01  0.99869E-02  0.81000E+00
-0.90177E-01 -0.19989E+01  0.22769E+01  0.27640E-01  0.10026E-01  0.81250E+00
-0.88842E-01 -0.19972E+01  0.22781E+01  0.27763E-01  0.10066E-01  0.81500E+00
-0.87512E-01 -0.19955E+01  0.22792E+01  0.27886E-01  0.10105E-01  0.81750E+00
-0.86186E-01 -0.19938E+01  0.22804E+01  0.28009E-01  0.10144E-01  0.82000E+00
-0.84864E-01 -0.19921E+01  0.22816E+01  0.28132E-01  0.10184E-01  0.82250E+00
-0.83546E-01 -0.19904E+01  0.22828E+01  0.28255E-01  0.10223E-01  0.82500E+00
-0.82232E-01 -0.19888E+01  0.22840E+01  0.28378E-01  0.10262E-01  0.82750E+00
-0.80922E-01 -0.19871E+01  0.22852E+01  0.28501E-01  0.10301E-01  0.83000E+00
-0.79616E-01 -0.19855E+01  0.22864E+01  0.28624E-01  0.10340E-01  0.83250E+00
-0.78314E-01 -0.19838E+01  0.22876E+01  0.28746E-01  0.10379E-01  0.83500E+00
-0.77015E-01 -0.19822E+01  0.22888E+01  0.28869E-01  0.10418E-01  0.83750E+00
-0.75721E-01 -0.19806E+01  0.22900E+01  0.28992E-01  0.10457E-01  0.84000E+00
-0.74430E-01 -0.19790E+01  0.22912E+01  0.29115E-01  0.10495E-01  0.84250E+00
-0.73143E-01 -0.19774E+01  0.22924E+01  0.29238E-01  0.10534E-01  0.84500E+00
-0.71860E-01 -0.19758E+01  0.22937E+01  0.29360E-01  0.10573E-01  0.84750E+00
-0.70581E-01 -0.19742E+01  0.22949E+01  0.29483E-01  0.10611E-01  0.85000E+00
-0.69306E-01 -0.19727E+01  0.22961E+01  0.29606E-01  0.10650E-01  0.85250E+00
-0.68034E-01 -0.19711E+01  0.22973E+01  0.29728E-01  0.10688E-01  0.85500E+00
-0.66766E-01 -0.19696E+01  0.22986E+01  0.29851E-01  0.10726E-01  0.85750E+00
-0.65502E-01 -0.19680E+01  0.22998E+01  0.29973E-01  0.10765E-01  0.86000E+00
-0.64241E-01 -0.19665E+01  0.23010E+01  0.30096E-01  0.10803E-01  0.86250E+00
-0.62984E-01 -0.19649E+01  0.23023E+01  0.30218E-01  0.10841E-01  0.86500E+00
-0.61731E-01 -0.19634E+01  0.23035E+01  0.30341E-01  0.10879E-01  0.86750E+00
-0.60481E-01 -0.19619E+01  0.23048E+01  0.30463E-01  0.10917E-01  0.87000E+00
-0.59235E-01 -0.19604E+01  0.23060E+01  0.30585E-01  0.10955E-01  0.87250E+00
-0.57992E-01 -0.19589E+01  0.23073E+01  0.30708E-01  0.10993E-01  0.87500E+00
-0.56753E-01 -0.19574E+01  0.23085E+01  0.30830E-01  0.11030E-01  0.87750E+00
-0.55517E-01 -0.19559E+01  0.23098E+01  0.30952E-01  0.11068E-01  0.88000E+00
-0.54285E-01 -0.19545E+01  0.23110E+01  0.31074E-01  0.11106E-01  0.88250E+00
-0.53057E-01 -0.19530E+01  0.23123E+01  0.31196E-01  0.11143E-01  0.88500E+00
-0.51832E-01 -0.19515E+01  0.23136E+01  0.31318E-01  0.11181E-01  0.88750E+00
-0.50610E-01 -0.19501E+01  0.23148E+01  0.31440E-01  0.11218E-01  0.89000E+00
-0.49392E-01 -0.19486E+01  0.23161E+01  0.31562E-01  0.11255E-01  0.89250E+00
-0.48177E-01 -0.19472E+01  0.23174E+01  0.31684E-01  0.11293E-01  0.89500E+00
-0.46966E-01 -0.19458E+01  0.23186E+01  0.31806E-01  0.11330E-01  0.89750E+00
-0.45758E-01 -0.19444E+01  0.23199E+01  0.31928E-01  0.11367E-01  0.90000E+00
-0.44553E-01 -0.19429E+01  0.23212E+01  0.32049E-01  0.11404E-01  0.90250E+00
-0.43351E-01 -0.19415E+01  0.23225E+01  0.32171E-01  0.11441E-01  0.90500E+00
-0.42153E-01 -0.19401E+01  0.23238E+01  0.32293E-01  0.11478E-01  0.90750E+00
-0.40959E-01 -0.19388E+01  0.23251E+01  0.32414E-01  0.11514E-01  0.91000E+00
-0.39767E-01 -0.19374E+01  0.23264E+01  0.32536E-01  0.11551E-01  0.91250E+00
-0.38579E-01 -0.19360E+01  0.23277E+01  0.32657E-01  0.11588E-01  0.91500E+00
-0.37394E-01 -0.19346E+01  0.23290E+01  0.32778E-01  0.11624E-01  0.91750E+00
-0.36212E-01 -0.19333E+01  0.23303E+01  0.32900E-01  0.11661E-01  0.92000E+00
-0.35034E-01 -0.19319E+01  0.23316E+01  0.33021E-01  0.11697E-01  0.92250E+00
-0.33858E-01 -0.19306E+01  0.23329E+01  0.33142E-01  0.11734E-01  0.92500E+00
-0.32686E-01 -0.19292E+01  0.23342E+01  0.33263E-01  0.11770E-01  0.92750E+00
-0.31517E-01 -0.19279E+01  0.23355E+01  0.33384E-01  0.11806E-01  0.93000E+00
-0.30351E-01 -0.19266E+01  0.23369E+01  0.33505E-01  0.11842E-01  0.93250E+00
-0.29188E-01 -0.19253E+01  0.23382E+01  0.33626E-01  0.11878E-01  0.93500E+00
-0.28029E-01 -0.19239E+01  0.23395E+01  0.33746E-01  0.11914E-01  0.93750E+00
-0.26872E-01 -0.19226E+01  0.23408E+01  0.33867E-01  0.11950E-01  0.94000E+00
-0.25719E-01 -0.19213E+01  0.23422E+01  0.33988E-01  0.11985E-01  0.94250E+00
-0.24568E-01 -0.19201E+01  0.23435E+01  0.34108E-01  0.12021E-01  0.94500E+00
-0.23421E-01 -0.19188E+01  0.23449E+01  0.34229E-01  0.12057E-01  0.94750E+00
-0.22276E-01 -0.19175E+01  0.23462E+01  0.34349E-01  0.12092E-01  0.95000E+00
-0.21135E-01 -0.19162E+01  0.23475E+01  0.34469E-01  0.12127E-01  0.95250E+00
-0.19997E-01 -0.19150E+01  0.23489E+01  0.34590E-01  0.12163E-01  0.95500E+00
-0.18861E-01 -0.19137E+01  0.23503E+01  0.34710E-01  0.12198E-01  0.95750E+00
-0.17729E-01 -0.19125E+01  0.23516E+01  0.34830E-01  0.12233E-01  0.96000E+00
-0.16599E-01 -0.19112E+01  0.23530E+01  0.34950E-01  0.12268E-01  0.96250E+00
-0.15473E-01 -0.19100E+01  0.23543E+01  0.35070E-01  0.12303E-01  0.96500E+00
-0.14349E-01 -0.19088E+01  0.23557E+01  0.35190E-01  0.12338E-01  0.96750E+00
-0.13228E-01 -0.19075E+01  0.23571E+01  0.35309E-01  0.12373E-01  0.97000E+00
-0.12110E-01 -0.19063E+01  0.23584E+01  0.35429E-01  0.12408E-01  0.97250E+00
-0.10995E-01 -0.19051E+01  0.23598E+01  0.35549E-01  0.12442E-01  0.97500E+00
-0.98832E-02 -0.19039E+01  0.23612E+01  0.35668E-01  0.12477E-01  0.97750E+00
-0.87739E-02 -0.19027E+01  0.23626E+01  0.35788E-01  0.12511E-01  0.98000E+00
-0.76675E-02 -0.19015E+01  0.23640E+01  0.35907E-01  0.12545E-01  0.98250E+00
-0.65638E-02 -0.19003E+01  0.23653E+01  0.36026E-01  0.12580E-01  0.98500E+00
-0.54629E-02 -0.18992E+01  0.23667E+01  0.36145E-01  0.12614E-01  0.98750E+00
-0.43648E-02 -0.18980E+01  0.23681E+01  0.36264E-01  0.12648E-01  0.99000E+00
-0.32695E-02 -0.18968E+01  0.23695E+01  0.36383E-01  0.12682E-01  0.99250E+00
-0.21769E-02 -0.18957E+01  0.23709E+01  0.36502E-01  0.12716E-01  0.99500E+00
-0.10871E-02 -0.18945E+01  0.23723E+01  0.36621E-01  0.12750E-01  0.99750E+00
-0.97072E-08 -0.18934E+01  0.23737E+01  0.36740E-01  0.12783E-01  0.10000E+01
 0.10844E-02 -0.18922E+01  0.23752E+01  0.36858E-01  0.12817E-01  0.10025E+01
 0.21661E-02 -0.18911E+01  0.23766E+01  0.36977E-01  0.12851E-01  0.10050E+01
 0.32450E-02 -0.18899E+01  0.23780E+01  0.37095E-01  0.12884E-01  0.10075E+01
 0.43214E-02 -0.18888E+01  0.23794E+01  0.37213E-01  0.12918E-01  0.10100E+01
 0.53950E-02 -0.18877E+01  0.23808E+01  0.37332E-01  0.12951E-01  0.10125E+01
 0.64660E-02 -0.18866E+01  0.23823E+01  0.37450E-01  0.12984E-01  0.10150E+01
 0.75344E-02 -0.18855E+01  0.23837E+01  0.37568E-01  0.13017E-01  0.10175E+01
 0.86002E-02 -0.18844E+01  0.23851E+01  0.37686E-01  0.13050E-01  0.10200E+01
 0.96633E-02 -0.18833E+01  0.23866E+01  0.37804E-01  0.13083E-01  0.10225E+01
 0.10724E-01 -0.18822E+01  0.23880E+01  0.37921E-01  0.13116E-01  0.10250E+01
 0.11782E-01 -0.18811E+01  0.23894E+01  0.38039E-01  0.13149E-01  0.10275E+01
 0.12837E-01 -0.18800E+01  0.23909E+01  0.38157E-01  0.13181E-01  0.10300E+01
 0.13890E-01 -0.18790E+01  0.23923E+01  0.38274E-01  0.13214E-01  0.10325E+01
 0.14940E-01 -0.18779E+01  0.23938E+01  0.38391E-01  0.13246E-01  0.10350E+01
 0.15988E-01 -0.18768E+01  0.23953E+01  0.38509E-01  0.13279E-01  0.10375E+01
 0.17033E-01 -0.18758E+01  0.23967E+01  0.38626E-01  0.13311E-01  0.10400E+01
 0.18076E-01 -0.18747E+01  0.23982E+01  0.38743E-01  0.13343E-01  0.10425E+01
 0.19116E-01 -0.18737E+01  0.23996E+01  0.38860E-01  0.13375E-01  0.10450E+01
 0.20154E-01 -0.18727E+01  0.24011E+01  0.38977E-01  0.13407E-01  0.10475E+01
 0.21189E-01 -0.18716E+01  0.24026E+01  0.39093E-01  0.13439E-01  0.10500E+01
 0.22222E-01 -0.18706E+01  0.24041E+01  0.39210E-01  0.13471E-01  0.10525E+01
 0.23252E-01 -0.18696E+01  0.24055E+01  0.39327E-01  0.13503E-01  0.10550E+01
 0.24280E-01 -0.18686E+01  0.24070E+01  0.39443E-01  0.13534E-01  0.10575E+01
 0.25306E-01 -0.18675E+01  0.24085E+01  0.39560E-01  0.13566E-01  0.10600E+01
 0.26329E-01 -0.18665E+01  0.24100E+01  0.39676E-01  0.13597E-01  0.10625E+01
 0.27350E-01 -0.18655E+01  0.24115E+01  0.39792E-01  0.13629E-01  0.10650E+01
 0.28368E-01 -0.18645E+01  0.24130E+01  0.39908E-01  0.13660E-01  0.10675E+01
 0.29384E-01 -0.18636E+01  0.24145E+01  0.40024E-01  0.13691E-01  0.10700E+01
 0.30397E-01 -0.18626E+01  0.24160E+01  0.40140E-01  0.13722E-01  0.10725E+01
 0.31408E-01 -0.18616E+01  0.24175E+01  0.40255E-01  0.13753E-01  0.10750E+01
 0.32417E-01 -0.18606E+01  0.24190E+01  0.40371E-01  0.13784E-01  0.10775E+01
 0.33424E-01 -0.18596E+01  0.24205E+01  0.40487E-01  0.13815E-01  0.10800E+01
 0.34428E-01 -0.18587E+01  0.24220E+01  0.40602E-01  0.13846E-01  0.10825E+01
 0.35430E-01 -0.18577E+01  0.24236E+01  0.40717E-01  0.13876E-01  0.10850E+01
 0.36429E-01 -0.18568E+01  0.24251E+01  0.40833E-01  0.13907E-01  0.10875E+01
 0.37426E-01 -0.18558E+01  0.24266E+01  0.40948E-01  0.13937E-01  0.10900E+01
 0.38421E-01 -0.18549E+01  0.24281E+01  0.41063E-01  0.13968E-01  0.10925E+01
 0.39414E-01 -0.18539E+01  0.24297E+01  0.41178E-01  0.13998E-01  0.10950E+01
 0.40405E-01 -0.18530E+01  0.24312E+01  0.41292E-01  0.14028E-01  0.10975E+01
 0.41393E-01 -0.18521E+01  0.24327E+01  0.41407E-01  0.14058E-01  0.11000E+01
 0.42379E-01 -0.18511E+01  0.24343E+01  0.41522E-01  0.14088E-01  0.11025E+01
 0.43362E-01 -0.18502E+01  0.24358E+01  0.41636E-01  0.14118E-01  0.11050E+01
 0.44344E-01 -0.18493E+01  0.24374E+01  0.41750E-01  0.14148E-01  0.11075E+01
 0.45323E-01 -0.18484E+01  0.24389E+01  0.41865E-01  0.14177E-01  0.11100E+01
 0.46300E-01 -0.18475E+01  0.24405E+01  0.41979E-01  0.14207E-01  0.11125E+01
 0.47275E-01 -0.18466E+01  0.24420E+01  0.42093E-01  0.14237E-01  0.11150E+01
 0.48248E-01 -0.18457E+01  0.24436E+01  0.42207E-01  0.14266E-01  0.11175E+01
 0.49218E-01 -0.18448E+01  0.24452E+01  0.42321E-01  0.14295E-01  0.11200E+01
 0.50186E-01 -0.18439E+01  0.24467E+01  0.42434E-01  0.14324E-01  0.11225E+01
 0.51153E-01 -0.18430E+01  0.24483E+01  0.42548E-01  0.14354E-01  0.11250E+01
 0.52117E-01 -0.18422E+01  0.24499E+01  0.42662E-01  0.14383E-01  0.11275E+01
 0.53078E-01 -0.18413E+01  0.24515E+01  0.42775E-01  0.14412E-01  0.11300E+01
 0.54038E-01 -0.18404E+01  0.24531E+01  0.42888E-01  0.14440E-01  0.11325E+01
 0.54996E-01 -0.18396E+01  0.24546E+01  0.43002E-01  0.14469E-01  0.11350E+01
 0.55951E-01 -0.18387E+01  0.24562E+01  0.43115E-01  0.14498E-01  0.11375E+01
 0.56905E-01 -0.18378E+01  0.24578E+01  0.43228E-01  0.14526E-01  0.11400E+01
 0.57856E-01 -0.18370E+01  0.24594E+01  0.43341E-01  0.14555E-01  0.11425E+01
 0.58805E-01 -0.18361E+01  0.24610E+01  0.43453E-01  0.14583E-01  0.11450E+01
 0.59753E-01 -0.18353E+01  0.24626E+01  0.43566E-01  0.14612E-01  0.11475E+01
 0.60698E-01 -0.18345E+01  0.24642E+01  0.43679E-01  0.14640E-01  0.11500E+01
 0.61641E-01 -0.18336E+01  0.24658E+01  0.43791E-01  0.14668E-01  0.11525E+01
 0.62582E-01 -0.18328E+01  0.24674E+01  0.43903E-01  0.14696E-01  0.11550E+01
 0.63521E-01 -0.18320E+01  0.24691E+01  0.44016E-01  0.14724E-01  0.11575E+01
 0.64458E-01 -0.18312E+01  0.24707E+01  0.44128E-01  0.14752E-01  0.11600E+01
 0.65393E-01 -0.18303E+01  0.24723E+01  0.44240E-01  0.14780E-01  0.11625E+01
 0.66326E-01 -0.18295E+01  0.24739E+01  0.44352E-01  0.14807E-01  0.11650E+01
 0.67257E-01 -0.18287E+01  0.24755E+01  0.44464E-01  0.14835E-01  0.11675E+01
 0.68186E-01 -0.18279E+01  0.24772E+01  0.44575E-01  0.14862E-01  0.11700E+01
 0.69113E-01 -0.18271E+01  0.24788E+01  0.44687E-01  0.14890E-01  0.11725E+01
 0.70038E-01 -0.18263E+01  0.24805E+01  0.44798E-01  0.14917E-01  0.11750E+01
 0.70961E-01 -0.18255E+01  0.24821E+01  0.44910E-01  0.14944E-01  0.11775E+01
 0.71882E-01 -0.18247E+01  0.24837E+01  0.45021E-01  0.14971E-01  0.11800E+01
 0.72801E-01 -0.18240E+01  0.24854E+01  0.45132E-01  0.14998E-01  0.11825E+01
 0.73718E-01 -0.18232E+01  0.24870E+01  0.45244E-01  0.15025E-01  0.11850E+01
 0.74634E-01 -0.18224E+01  0.24887E+01  0.45355E-01  0.15052E-01  0.11875E+01
 0.75547E-01 -0.18216E+01  0.24903E+01  0.45465E-01  0.15079E-01  0.11900E+01
 0.76458E-01 -0.18209E+01  0.24920E+01  0.45576E-01  0.15106E-01  0.11925E+01
 0.77368E-01 -0.18201E+01  0.24937E+01  0.45687E-01  0.15132E-01  0.11950E+01
 0.78276E-01 -0.18193E+01  0.24953E+01  0.45798E-01  0.15159E-01  0.11975E+01
 0.79181E-01 -0.18186E+01  0.24970E+01  0.45908E-01  0.15185E-01  0.12000E+01
 0.80085E-01 -0.18178E+01  0.24987E+01  0.46018E-01  0.15211E-01  0.12025E+01
 0.80987E-01 -0.18171E+01  0.25004E+01  0.46129E-01  0.15238E-01  0.12050E+01
 0.81887E-01 -0.18163E+01  0.25020E+01  0.46239E-01  0.15264E-01  0.12075E+01
 0.82785E-01 -0.18156E+01  0.25037E+01  0.46349E-01  0.15290E-01  0.12100E+01
 0.83682E-01 -0.18149E+01  0.25054E+01  0.46459E-01  0.15316E-01  0.12125E+01
 0.84576E-01 -0.18141E+01  0.25071E+01  0.46569E-01  0.15342E-01  0.12150E+01
 0.85469E-01 -0.18134E+01  0.25088E+01  0.46679E-01  0.15368E-01  0.12175E+01
 0.86360E-01 -0.18127E+01  0.25105E+01  0.46788E-01  0.15393E-01  0.12200E+01
 0.87249E-01 -0.18119E+01  0.25122E+01  0.46898E-01  0.15419E-01  0.12225E+01
 0.88136E-01 -0.18112E+01  0.25139E+01  0.47007E-01  0.15444E-01  0.12250E+01
 0.89021E-01 -0.18105E+01  0.25156E+01  0.47117E-01  0.15470E-01  0.12275E+01
 0.89905E-01 -0.18098E+01  0.25173E+01  0.47226E-01  0.15495E-01  0.12300E+01
 0.90787E-01 -0.18091E+01  0.25190E+01  0.47335E-01  0.15521E-01  0.12325E+01
 0.91667E-01 -0.18084E+01  0.25207E+01  0.47444E-01  0.15546E-01  0.12350E+01
 0.92545E-01 -0.18077E+01  0.25224E+01  0.47554E-01  0.15571E-01  0.12375E+01
 0.93422E-01 -0.18070E+01  0.25241E+01  0.47662E-01  0.15596E-01  0.12400E+01
 0.94296E-01 -0.18063E+01  0.25259E+01  0.47771E-01  0.15621E-01  0.12425E+01
 0.95169E-01 -0.18056E+01  0.25276E+01  0.47880E-01  0.15646E-01  0.12450E+01
 0.96041E-01 -0.18049E+01  0.25293E+01  0.47989E-01  0.15670E-01  0.12475E+01
 0.96910E-01 -0.18042E+01  0.25311E+01  0.48097E-01  0.15695E-01  0.12500E+01
 0.97778E-01 -0.18036E+01  0.25328E+01  0.48206E-01  0.15720E-01  0.12525E+01
 0.98644E-01 -0.18029E+01  0.25345E+01  0.48314E-01  0.15744E-01  0.12550E+01
 0.99508E-01 -0.18022E+01  0.25363E+01  0.48422E-01  0.15769E-01  0.12575E+01
 0.10037E+00 -0.18015E+01  0.25380E+01  0.48530E-01  0.15793E-01  0.12600E+01
 0.10123E+00 -0.18009E+01  0.25398E+01  0.48639E-01  0.15817E-01  0.12625E+01
 0.10209E+00 -0.18002E+01  0.25415E+01  0.48747E-01  0.15842E-01  0.12650E+01
 0.10295E+00 -0.17995E+01  0.25433E+01  0.48854E-01  0.15866E-01  0.12675E+01
 0.10380E+00 -0.17989E+01  0.25450E+01  0.48962E-01  0.15890E-01  0.12700E+01
 0.10466E+00 -0.17982E+01  0.25468E+01  0.49070E-01  0.15914E-01  0.12725E+01
 0.10551E+00 -0.17976E+01  0.25485E+01  0.49178E-01  0.15938E-01  0.12750E+01
 0.10636E+00 -0.17969E+01  0.25503E+01  0.49285E-01  0.15961E-01  0.12775E+01
 0.10721E+00 -0.17963E+01  0.25521E+01  0.49393E-01  0.15985E-01  0.12800E+01
 0.10806E+00 -0.17956E+01  0.25538E+01  0.49500E-01  0.16009E-01  0.12825E+01
 0.10890E+00 -0.17950E+01  0.25556E+01  0.49607E-01  0.16032E-01  0.12850E+01
 0.10975E+00 -0.17944E+01  0.25574E+01  0.49715E-01  0.16056E-01  0.12875E+01
 0.11059E+00 -0.17937E+01  0.25592E+01  0.49822E-01  0.16079E-01  0.12900E+01
 0.11143E+00 -0.17931E+01  0.25610E+01  0.49929E-01  0.16103E-01  0.12925E+01
 0.11227E+00 -0.17925E+01  0.25627E+01  0.50036E-01  0.16126E-01  0.12950E+01
 0.11311E+00 -0.17919E+01  0.25645E+01  0.50143E-01  0.16149E-01  0.12975E+01
 0.11394E+00 -0.17912E+01  0.25663E+01  0.50249E-01  0.16172E-01  0.13000E+01
 0.11478E+00 -0.17906E+01  0.25681E+01  0.50356E-01  0.16195E-01  0.13025E+01
 0.11561E+00 -0.17900E+01  0.25699E+01  0.50463E-01  0.16218E-01  0.13050E+01
 0.11644E+00 -0.17894E+01  0.25717E+01  0.50569E-01  0.16241E-01  0.13075E+01
 0.11727E+00 -0.17888E+01  0.25735E+01  0.50676E-01  0.16264E-01  0.13100E+01
 0.11810E+00 -0.17882E+01  0.25753E+01  0.50782E-01  0.16287E-01  0.13125E+01
 0.11893E+00 -0.17876E+01  0.25771E+01  0.50888E-01  0.16309E-01  0.13150E+01
 0.11975E+00 -0.17870E+01  0.25789E+01  0.50995E-01  0.16332E-01  0.13175E+01
 0.12057E+00 -0.17864E+01  0.25807E+01  0.51101E-01  0.16354E-01  0.13200E+01
 0.12140E+00 -0.17858E+01  0.25826E+01  0.51207E-01  0.16377E-01  0.13225E+01
 0.12222E+00 -0.17852E+01  0.25844E+01  0.51313E-01  0.16399E-01  0.13250E+01
 0.12303E+00 -0.17846E+01  0.25862E+01  0.51419E-01  0.16421E-01  0.13275E+01
 0.12385E+00 -0.17840E+01  0.25880E+01  0.51525E-01  0.16444E-01  0.13300E+01
 0.12467E+00 -0.17834E+01  0.25899E+01  0.51631E-01  0.16466E-01  0.13325E+01
 0.12548E+00 -0.17828E+01  0.25917E+01  0.51736E-01  0.16488E-01  0.13350E+01
 0.12629E+00 -0.17823E+01  0.25935E+01  0.51842E-01  0.16510E-01  0.13375E+01
 0.12710E+00 -0.17817E+01  0.25953E+01  0.51948E-01  0.16532E-01  0.13400E+01
 0.12791E+00 -0.17811E+01  0.25972E+01  0.52053E-01  0.16554E-01  0.13425E+01
 0.12872E+00 -0.17805E+01  0.25990E+01  0.52159E-01  0.16575E-01  0.13450E+01
 0.12953E+00 -0.17800E+01  0.26009E+01  0.52264E-01  0.16597E-01  0.13475E+01
 0.13033E+00 -0.17794E+01  0.26027E+01  0.52369E-01  0.16619E-01  0.13500E+01
 0.13114E+00 -0.17788E+01  0.26046E+01  0.52474E-01  0.16640E-01  0.13525E+01
 0.13194E+00 -0.17783E+01  0.26064E+01  0.52580E-01  0.16662E-01  0.13550E+01
 0.13274E+00 -0.17777E+01  0.26083E+01  0.52685E-01  0.16683E-01  0.13575E+01
 0.13354E+00 -0.17772E+01  0.26101E+01  0.52790E-01  0.16705E-01  0.13600E+01
 0.13434E+00 -0.17766E+01  0.26120E+01  0.52895E-01  0.16726E-01  0.13625E+01
 0.13513E+00 -0.17761E+01  0.26138E+01  0.53000E-01  0.16747E-01  0.13650E+01
 0.13593E+00 -0.17755E+01  0.26157E+01  0.53105E-01  0.16768E-01  0.13675E+01
 0.13672E+00 -0.17750E+01  0.26176E+01  0.53209E-01  0.16790E-01  0.13700E+01
 0.13751E+00 -0.17744E+01  0.26194E+01  0.53314E-01  0.16811E-01  0.13725E+01
 0.13830E+00 -0.17739E+01  0.26213E+01  0.53419E-01  0.16832E-01  0.13750E+01
 0.13909E+00 -0.17733E+01  0.26232E+01  0.53524E-01  0.16853E-01  0.13775E+01
 0.13988E+00 -0.17728E+01  0.26250E+01  0.53628E-01  0.16873E-01  0.13800E+01
 0.14067E+00 -0.17723E+01  0.26269E+01  0.53733E-01  0.16894E-01  0.13825E+01
 0.14145E+00 -0.17717E+01  0.26288E+01  0.53837E-01  0.16915E-01  0.13850E+01
 0.14223E+00 -0.17712E+01  0.26307E+01  0.53942E-01  0.16936E-01  0.13875E+01
 0.14301E+00 -0.17707E+01  0.26326E+01  0.54046E-01  0.16956E-01  0.13900E+01
 0.14380E+00 -0.17701E+01  0.26344E+01  0.54150E-01  0.16977E-01  0.13925E+01
 0.14457E+00 -0.17696E+01  0.26363E+01  0.54254E-01  0.16997E-01  0.13950E+01
 0.14535E+00 -0.17691E+01  0.26382E+01  0.54359E-01  0.17018E-01  0.13975E+01
 0.14613E+00 -0.17686E+01  0.26401E+01  0.54463E-01  0.17038E-01  0.14000E+01
 0.14690E+00 -0.17681E+01  0.26420E+01  0.54567E-01  0.17059E-01  0.14025E+01
 0.14768E+00 -0.17675E+01  0.26439E+01  0.54671E-01  0.17079E-01  0.14050E+01
 0.14845E+00 -0.17670E+01  0.26458E+01  0.54775E-01  0.17099E-01  0.14075E+01
 0.14922E+00 -0.17665E+01  0.26477E+01  0.54879E-01  0.17119E-01  0.14100E+01
 0.14999E+00 -0.17660E+01  0.26496E+01  0.54983E-01  0.17139E-01  0.14125E+01
 0.15076E+00 -0.17655E+01  0.26515E+01  0.55087E-01  0.17159E-01  0.14150E+01
 0.15152E+00 -0.17650E+01  0.26534E+01  0.55191E-01  0.17179E-01  0.14175E+01
 0.15229E+00 -0.17645E+01  0.26553E+01  0.55295E-01  0.17199E-01  0.14200E+01
 0.15305E+00 -0.17640E+01  0.26572E+01  0.55398E-01  0.17219E-01  0.14225E+01
 0.15381E+00 -0.17635E+01  0.26592E+01  0.55502E-01  0.17239E-01  0.14250E+01
 0.15458E+00 -0.17630E+01  0.26611E+01  0.55606E-01  0.17259E-01  0.14275E+01
 0.15534E+00 -0.17625E+01  0.26630E+01  0.55709E-01  0.17279E-01  0.14300E+01
 0.15609E+00 -0.17620E+01  0.26649E+01  0.55813E-01  0.17298E-01  0.14325E+01
 0.15685E+00 -0.17615E+01  0.26668E+01  0.55917E-01  0.17318E-01  0.14350E+01
 0.15761E+00 -0.17610E+01  0.26688E+01  0.56020E-01  0.17337E-01  0.14375E+01
 0.15836E+00 -0.17605E+01  0.26707E+01  0.56124E-01  0.17357E-01  0.14400E+01
 0.15912E+00 -0.17600E+01  0.26726E+01  0.56227E-01  0.17376E-01  0.14425E+01
 0.15987E+00 -0.17596E+01  0.26745E+01  0.56331E-01  0.17396E-01  0.14450E+01
 0.16062E+00 -0.17591E+01  0.26765E+01  0.56434E-01  0.17415E-01  0.14475E+01
 0.16137E+00 -0.17586E+01  0.26784E+01  0.56537E-01  0.17435E-01  0.14500E+01
 0.16212E+00 -0.17581E+01  0.26803E+01  0.56641E-01  0.17454E-01  0.14525E+01
 0.16286E+00 -0.17576E+01  0.26823E+01  0.56744E-01  0.17473E-01  0.14550E+01
 0.16361E+00 -0.17572E+01  0.26842E+01  0.56848E-01  0.17492E-01  0.14575E+01
 0.16435E+00 -0.17567E+01  0.26861E+01  0.56951E-01  0.17511E-01  0.14600E+01
 0.16510E+00 -0.17562E+01  0.26881E+01  0.57054E-01  0.17530E-01  0.14625E+01
 0.16584E+00 -0.17557E+01  0.26900E+01  0.57157E-01  0.17549E-01  0.14650E+01
 0.16658E+00 -0.17553E+01  0.26920E+01  0.57261E-01  0.17568E-01  0.14675E+01
 0.16732E+00 -0.17548E+01  0.26939E+01  0.57364E-01  0.17587E-01  0.14700E+01
 0.16806E+00 -0.17543E+01  0.26959E+01  0.57467E-01  0.17606E-01  0.14725E+01
 0.16879E+00 -0.17539E+01  0.26978E+01  0.57570E-01  0.17625E-01  0.14750E+01
 0.16953E+00 -0.17534E+01  0.26998E+01  0.57673E-01  0.17644E-01  0.14775E+01
 0.17026E+00 -0.17529E+01  0.27017E+01  0.57777E-01  0.17663E-01  0.14800E+01
 0.17099E+00 -0.17525E+01  0.27037E+01  0.57880E-01  0.17682E-01  0.14825E+01
 0.17173E+00 -0.17520E+01  0.27056E+01  0.57983E-01  0.17700E-01  0.14850E+01
 0.17246E+00 -0.17516E+01  0.27076E+01  0.58086E-01  0.17719E-01  0.14875E+01
 0.17319E+00 -0.17511E+01  0.27095E+01  0.58189E-01  0.17738E-01  0.14900E+01
 0.17391E+00 -0.17506E+01  0.27115E+01  0.58292E-01  0.17756E-01  0.14925E+01
 0.17464E+00 -0.17502E+01  0.27134E+01  0.58395E-01  0.17775E-01  0.14950E+01
 0.17537E+00 -0.17497E+01  0.27154E+01  0.58498E-01  0.17793E-01  0.14975E+01
 0.17609E+00 -0.17493E+01  0.27174E+01  0.58601E-01  0.17812E-01  0.15000E+01
 0.17681E+00 -0.17488E+01  0.27193E+01  0.58705E-01  0.17830E-01  0.15025E+01
 0.17754E+00 -0.17484E+01  0.27213E+01  0.58808E-01  0.17849E-01  0.15050E+01
 0.17826E+00 -0.17479E+01  0.27233E+01  0.58911E-01  0.17867E-01  0.15075E+01
 0.17898E+00 -0.17475E+01  0.27252E+01  0.59014E-01  0.17885E-01  0.15100E+01
 0.17970E+00 -0.17471E+01  0.27272E+01  0.59117E-01  0.17904E-01  0.15125E+01
 0.18041E+00 -0.17466E+01  0.27292E+01  0.59220E-01  0.17922E-01  0.15150E+01
 0.18113E+00 -0.17462E+01  0.27311E+01  0.59323E-01  0.17940E-01  0.15175E+01
 0.18184E+00 -0.17457E+01  0.27331E+01  0.59426E-01  0.17958E-01  0.15200E+01
 0.18256E+00 -0.17453E+01  0.27351E+01  0.59529E-01  0.17977E-01  0.15225E+01
 0.18327E+00 -0.17449E+01  0.27371E+01  0.59632E-01  0.17995E-01  0.15250E+01
 0.18398E+00 -0.17444E+01  0.27390E+01  0.59735E-01  0.18013E-01  0.15275E+01
 0.18469E+00 -0.17440E+01  0.27410E+01  0.59839E-01  0.18031E-01  0.15300E+01
 0.18540E+00 -0.17435E+01  0.27430E+01  0.59942E-01  0.18049E-01  0.15325E+01
 0.18611E+00 -0.17431E+01  0.27450E+01  0.60045E-01  0.18067E-01  0.15350E+01
 0.18682E+00 -0.17427E+01  0.27469E+01  0.60148E-01  0.18085E-01  0.15375E+01
 0.18752E+00 -0.17422E+01  0.27489E+01  0.60251E-01  0.18103E-01  0.15400E+01
 0.18823E+00 -0.17418E+01  0.27509E+01  0.60354E-01  0.18121E-01  0.15425E+01
 0.18893E+00 -0.17414E+01  0.27529E+01  0.60458E-01  0.18139E-01  0.15450E+01
 0.18963E+00 -0.17410E+01  0.27548E+01  0.60561E-01  0.18157E-01  0.15475E+01
 0.19033E+00 -0.17405E+01  0.27568E+01  0.60664E-01  0.18175E-01  0.15500E+01
 0.19103E+00 -0.17401E+01  0.27588E+01  0.60767E-01  0.18193E-01  0.15525E+01
 0.19173E+00 -0.17397E+01  0.27608E+01  0.60871E-01  0.18211E-01  0.15550E+01
 0.19243E+00 -0.17393E+01  0.27628E+01  0.60974E-01  0.18228E-01  0.15575E+01
 0.19312E+00 -0.17388E+01  0.27648E+01  0.61077E-01  0.18246E-01  0.15600E+01
 0.19382E+00 -0.17384E+01  0.27667E+01  0.61181E-01  0.18264E-01  0.15625E+01
 0.19451E+00 -0.17380E+01  0.27687E+01  0.61284E-01  0.18282E-01  0.15650E+01
 0.19521E+00 -0.17376E+01  0.27707E+01  0.61387E-01  0.18299E-01  0.15675E+01
 0.19590E+00 -0.17371E+01  0.27727E+01  0.61491E-01  0.18317E-01  0.15700E+01
 0.19659E+00 -0.17367E+01  0.27747E+01  0.61594E-01  0.18335E-01  0.15725E+01
 0.19728E+00 -0.17363E+01  0.27767E+01  0.61698E-01  0.18353E-01  0.15750E+01
 0.19797E+00 -0.17359E+01  0.27786E+01  0.61802E-01  0.18370E-01  0.15775E+01
 0.19866E+00 -0.17355E+01  0.27806E+01  0.61905E-01  0.18388E-01  0.15800E+01
 0.19934E+00 -0.17351E+01  0.27826E+01  0.62009E-01  0.18406E-01  0.15825E+01
 0.20003E+00 -0.17346E+01  0.27846E+01  0.62112E-01  0.18423E-01  0.15850E+01
 0.20071E+00 -0.17342E+01  0.27866E+01  0.62216E-01  0.18441E-01  0.15875E+01
 0.20140E+00 -0.17338E+01  0.27886E+01  0.62320E-01  0.18458E-01  0.15900E+01
 0.20208E+00 -0.17334E+01  0.27906E+01  0.62424E-01  0.18476E-01  0.15925E+01
 0.20276E+00 -0.17330E+01  0.27925E+01  0.62528E-01  0.18494E-01  0.15950E+01
 0.20344E+00 -0.17326E+01  0.27945E+01  0.62632E-01  0.18511E-01  0.15975E+01
 0.20412E+00 -0.17322E+01  0.27965E+01  0.62735E-01  0.18529E-01  0.16000E+01
 0.20480E+00 -0.17317E+01  0.27985E+01  0.62839E-01  0.18546E-01  0.16025E+01
 0.20548E+00 -0.17313E+01  0.28005E+01  0.62944E-01  0.18564E-01  0.16050E+01
 0.20615E+00 -0.17309E+01  0.28025E+01  0.63048E-01  0.18581E-01  0.16075E+01
 0.20683E+00 -0.17305E+01  0.28044E+01  0.63152E-01  0.18599E-01  0.16100E+01
 0.20750E+00 -0.17301E+01  0.28064E+01  0.63256E-01  0.18616E-01  0.16125E+01
 0.20817E+00 -0.17297E+01  0.28084E+01  0.63360E-01  0.18634E-01  0.16150E+01
 0.20884E+00 -0.17293E+01  0.28104E+01  0.63465E-01  0.18651E-01  0.16175E+01
 0.20952E+00 -0.17289E+01  0.28124E+01  0.63569E-01  0.18669E-01  0.16200E+01
 0.21018E+00 -0.17285E+01  0.28144E+01  0.63673E-01  0.18686E-01  0.16225E+01
 0.21085E+00 -0.17281E+01  0.28164E+01  0.63778E-01  0.18704E-01  0.16250E+01
 0.21152E+00 -0.17277E+01  0.28183E+01  0.63882E-01  0.18721E-01  0.16275E+01
 0.21219E+00 -0.17273E+01  0.28203E+01  0.63987E-01  0.18739E-01  0.16300E+01
 0.21285E+00 -0.17269E+01  0.28223E+01  0.64092E-01  0.18756E-01  0.16325E+01
 0.21352E+00 -0.17264E+01  0.28243E+01  0.64197E-01  0.18774E-01  0.16350E+01
 0.21418E+00 -0.17260E+01  0.28263E+01  0.64301E-01  0.18791E-01  0.16375E+01
 0.21484E+00 -0.17256E+01  0.28282E+01  0.64406E-01  0.18809E-01  0.16400E+01
 0.21551E+00 -0.17252E+01  0.28302E+01  0.64511E-01  0.18826E-01  0.16425E+01
 0.21617E+00 -0.17248E+01  0.28322E+01  0.64616E-01  0.18844E-01  0.16450E+01
 0.21683E+00 -0.17244E+01  0.28342E+01  0.64721E-01  0.18861E-01  0.16475E+01
 0.21748E+00 -0.17240E+01  0.28361E+01  0.64827E-01  0.18879E-01  0.16500E+01
 0.21814E+00 -0.17236E+01  0.28381E+01  0.64932E-01  0.18896E-01  0.16525E+01
 0.21880E+00 -0.17232E+01  0.28401E+01  0.65037E-01  0.18914E-01  0.16550E+01
 0.21945E+00 -0.17228E+01  0.28421E+01  0.65143E-01  0.18931E-01  0.16575E+01
 0.22011E+00 -0.17224E+01  0.28440E+01  0.65248E-01  0.18949E-01  0.16600E+01
 0.22076E+00 -0.17220E+01  0.28460E+01  0.65354E-01  0.18966E-01  0.16625E+01
 0.22141E+00 -0.17216E+01  0.28480E+01  0.65460E-01  0.18984E-01  0.16650E+01
 0.22207E+00 -0.17212E+01  0.28499E+01  0.65565E-01  0.19001E-01  0.16675E+01
 0.22272E+00 -0.17208E+01  0.28519E+01  0.65671E-01  0.19019E-01  0.16700E+01
 0.22337E+00 -0.17204E+01  0.28539E+01  0.65777E-01  0.19037E-01  0.16725E+01
 0.22401E+00 -0.17200E+01  0.28558E+01  0.65883E-01  0.19054E-01  0.16750E+01
 0.22466E+00 -0.17196E+01  0.28578E+01  0.65990E-01  0.19072E-01  0.16775E+01
 0.22531E+00 -0.17192E+01  0.28598E+01  0.66096E-01  0.19089E-01  0.16800E+01
 0.22596E+00 -0.17188E+01  0.28617E+01  0.66202E-01  0.19107E-01  0.16825E+01
 0.22660E+00 -0.17184E+01  0.28637E+01  0.66309E-01  0.19125E-01  0.16850E+01
 0.22724E+00 -0.17180E+01  0.28656E+01  0.66415E-01  0.19142E-01  0.16875E+01
 0.22789E+00 -0.17176E+01  0.28676E+01  0.66522E-01  0.19160E-01  0.16900E+01
 0.22853E+00 -0.17172E+01  0.28695E+01  0.66628E-01  0.19178E-01  0.16925E+01
 0.22917E+00 -0.17168E+01  0.28715E+01  0.66735E-01  0.19195E-01  0.16950E+01
 0.22981E+00 -0.17164E+01  0.28734E+01  0.66842E-01  0.19213E-01  0.16975E+01
 0.23045E+00 -0.17160E+01  0.28754E+01  0.66949E-01  0.19231E-01  0.17000E+01
 0.23109E+00 -0.17156E+01  0.28773E+01  0.67057E-01  0.19249E-01  0.17025E+01
 0.23172E+00 -0.17152E+01  0.28793E+01  0.67164E-01  0.19266E-01  0.17050E+01
 0.23236E+00 -0.17148E+01  0.28812E+01  0.67271E-01  0.19284E-01  0.17075E+01
 0.23300E+00 -0.17144E+01  0.28832E+01  0.67379E-01  0.19302E-01  0.17100E+01
 0.23363E+00 -0.17140E+01  0.28851E+01  0.67486E-01  0.19320E-01  0.17125E+01
 0.23426E+00 -0.17136E+01  0.28871E+01  0.67594E-01  0.19338E-01  0.17150E+01
 0.23490E+00 -0.17132E+01  0.28890E+01  0.67702E-01  0.19355E-01  0.17175E+01
 0.23553E+00 -0.17128E+01  0.28909E+01  0.67810E-01  0.19373E-01  0.17200E+01
 0.23616E+00 -0.17124E+01  0.28929E+01  0.67918E-01  0.19391E-01  0.17225E+01
 0.23679E+00 -0.17120E+01  0.28948E+01  0.68026E-01  0.19409E-01  0.17250E+01
 0.23742E+00 -0.17116E+01  0.28967E+01  0.68135E-01  0.19427E-01  0.17275E+01
 0.23805E+00 -0.17112E+01  0.28986E+01  0.68243E-01  0.19445E-01  0.17300E+01
 0.23867E+00 -0.17108E+01  0.29006E+01  0.68352E-01  0.19463E-01  0.17325E+01
 0.23930E+00 -0.17104E+01  0.29025E+01  0.68460E-01  0.19481E-01  0.17350E+01
 0.23992E+00 -0.17100E+01  0.29044E+01  0.68569E-01  0.19499E-01  0.17375E+01
 0.24055E+00 -0.17096E+01  0.29063E+01  0.68678E-01  0.19518E-01  0.17400E+01
 0.24117E+00 -0.17092E+01  0.29082E+01  0.68787E-01  0.19536E-01  0.17425E+01
 0.24180E+00 -0.17088E+01  0.29101E+01  0.68897E-01  0.19554E-01  0.17450E+01
 0.24242E+00 -0.17084E+01  0.29120E+01  0.69006E-01  0.19572E-01  0.17475E+01
 0.24304E+00 -0.17080E+01  0.29139E+01  0.69116E-01  0.19590E-01  0.17500E+01
 0.24366E+00 -0.17075E+01  0.29158E+01  0.69225E-01  0.19609E-01  0.17525E+01
 0.24428E+00 -0.17071E+01  0.29177E+01  0.69335E-01  0.19627E-01  0.17550E+01
 0.24490E+00 -0.17067E+01  0.29196E+01  0.69445E-01  0.19645E-01  0.17575E+01
 0.24551E+00 -0.17063E+01  0.29215E+01  0.69555E-01  0.19664E-01  0.17600E+01
 0.24613E+00 -0.17059E+01  0.29234E+01  0.69666E-01  0.19682E-01  0.17625E+01
 0.24674E+00 -0.17055E+01  0.29253E+01  0.69776E-01  0.19701E-01  0.17650E+01
 0.24736E+00 -0.17051E+01  0.29272E+01  0.69887E-01  0.19719E-01  0.17675E+01
 0.24797E+00 -0.17047E+01  0.29291E+01  0.69997E-01  0.19738E-01  0.17700E+01
 0.24859E+00 -0.17043E+01  0.29309E+01  0.70108E-01  0.19756E-01  0.17725E+01
 0.24920E+00 -0.17039E+01  0.29328E+01  0.70219E-01  0.19775E-01  0.17750E+01
 0.24981E+00 -0.17035E+01  0.29347E+01  0.70330E-01  0.19794E-01  0.17775E+01
 0.25042E+00 -0.17031E+01  0.29366E+01  0.70442E-01  0.19812E-01  0.17800E+01
 0.25103E+00 -0.17026E+01  0.29384E+01  0.70553E-01  0.19831E-01  0.17825E+01
 0.25164E+00 -0.17022E+01  0.29403E+01  0.70665E-01  0.19850E-01  0.17850E+01
 0.25225E+00 -0.17018E+01  0.29421E+01  0.70777E-01  0.19869E-01  0.17875E+01
 0.25285E+00 -0.17014E+01  0.29440E+01  0.70889E-01  0.19888E-01  0.17900E+01
 0.25346E+00 -0.17010E+01  0.29459E+01  0.71001E-01  0.19907E-01  0.17925E+01
 0.25406E+00 -0.17006E+01  0.29477E+01  0.71113E-01  0.19926E-01  0.17950E+01
 0.25467E+00 -0.17002E+01  0.29495E+01  0.71226E-01  0.19945E-01  0.17975E+01
 0.25527E+00 -0.16998E+01  0.29514E+01  0.71338E-01  0.19964E-01  0.18000E+01
 0.25588E+00 -0.16993E+01  0.29532E+01  0.71451E-01  0.19983E-01  0.18025E+01
 0.25648E+00 -0.16989E+01  0.29551E+01  0.71564E-01  0.20002E-01  0.18050E+01
 0.25708E+00 -0.16985E+01  0.29569E+01  0.71677E-01  0.20021E-01  0.18075E+01
 0.25768E+00 -0.16981E+01  0.29587E+01  0.71791E-01  0.20041E-01  0.18100E+01
 0.25828E+00 -0.16977E+01  0.29605E+01  0.71904E-01  0.20060E-01  0.18125E+01
 0.25888E+00 -0.16972E+01  0.29623E+01  0.72018E-01  0.20079E-01  0.18150E+01
 0.25947E+00 -0.16968E+01  0.29642E+01  0.72132E-01  0.20099E-01  0.18175E+01
 0.26007E+00 -0.16964E+01  0.29660E+01  0.72246E-01  0.20118E-01  0.18200E+01
 0.26067E+00 -0.16960E+01  0.29678E+01  0.72360E-01  0.20138E-01  0.18225E+01
 0.26126E+00 -0.16956E+01  0.29696E+01  0.72475E-01  0.20158E-01  0.18250E+01
 0.26186E+00 -0.16951E+01  0.29714E+01  0.72589E-01  0.20177E-01  0.18275E+01
 0.26245E+00 -0.16947E+01  0.29732E+01  0.72704E-01  0.20197E-01  0.18300E+01
 0.26304E+00 -0.16943E+01  0.29750E+01  0.72819E-01  0.20217E-01  0.18325E+01
 0.26364E+00 -0.16939E+01  0.29767E+01  0.72934E-01  0.20237E-01  0.18350E+01
 0.26423E+00 -0.16934E+01  0.29785E+01  0.73050E-01  0.20257E-01  0.18375E+01
 0.26482E+00 -0.16930E+01  0.29803E+01  0.73165E-01  0.20277E-01  0.18400E+01
 0.26541E+00 -0.16926E+01  0.29821E+01  0.73281E-01  0.20297E-01  0.18425E+01
 0.26600E+00 -0.16921E+01  0.29838E+01  0.73397E-01  0.20317E-01  0.18450E+01
 0.26658E+00 -0.16917E+01  0.29856E+01  0.73513E-01  0.20337E-01  0.18475E+01
 0.26717E+00 -0.16913E+01  0.29874E+01  0.73630E-01  0.20357E-01  0.18500E+01
 0.26776E+00 -0.16909E+01  0.29891E+01  0.73746E-01  0.20377E-01  0.18525E+01
 0.26834E+00 -0.16904E+01  0.29909E+01  0.73863E-01  0.20398E-01  0.18550E+01
 0.26893E+00 -0.16900E+01  0.29926E+01  0.73980E-01  0.20418E-01  0.18575E+01
 0.26951E+00 -0.16895E+01  0.29943E+01  0.74098E-01  0.20439E-01  0.18600E+01
 0.27010E+00 -0.16891E+01  0.29961E+01  0.74215E-01  0.20459E-01  0.18625E+01
 0.27068E+00 -0.16887E+01  0.29978E+01  0.74333E-01  0.20480E-01  0.18650E+01
 0.27126E+00 -0.16882E+01  0.29995E+01  0.74451E-01  0.20500E-01  0.18675E+01
 0.27184E+00 -0.16878E+01  0.30012E+01  0.74569E-01  0.20521E-01  0.18700E+01
 0.27242E+00 -0.16874E+01  0.30030E+01  0.74687E-01  0.20542E-01  0.18725E+01
 0.27300E+00 -0.16869E+01  0.30047E+01  0.74806E-01  0.20563E-01  0.18750E+01
 0.27358E+00 -0.16865E+01  0.30064E+01  0.74924E-01  0.20584E-01  0.18775E+01
 0.27416E+00 -0.16860E+01  0.30081E+01  0.75043E-01  0.20605E-01  0.18800E+01
 0.27473E+00 -0.16856E+01  0.30098E+01  0.75163E-01  0.20626E-01  0.18825E+01
 0.27531E+00 -0.16851E+01  0.30115E+01  0.75282E-01  0.20647E-01  0.18850E+01
 0.27589E+00 -0.16847E+01  0.30131E+01  0.75402E-01  0.20669E-01  0.18875E+01
 0.27646E+00 -0.16842E+01  0.30148E+01  0.75522E-01  0.20690E-01  0.18900E+01
 0.27704E+00 -0.16838E+01  0.30165E+01  0.75642E-01  0.20711E-01  0.18925E+01
 0.27761E+00 -0.16833E+01  0.30182E+01  0.75762E-01  0.20733E-01  0.18950E+01
 0.27818E+00 -0.16829E+01  0.30198E+01  0.75883E-01  0.20754E-01  0.18975E+01
 0.27875E+00 -0.16824E+01  0.30215E+01  0.76003E-01  0.20776E-01  0.19000E+01
 0.27932E+00 -0.16820E+01  0.30231E+01  0.76125E-01  0.20798E-01  0.19025E+01
 0.27989E+00 -0.16815E+01  0.30248E+01  0.76246E-01  0.20820E-01  0.19050E+01
 0.28046E+00 -0.16811E+01  0.30264E+01  0.76367E-01  0.20841E-01  0.19075E+01
 0.28103E+00 -0.16806E+01  0.30280E+01  0.76489E-01  0.20863E-01  0.19100E+01
 0.28160E+00 -0.16802E+01  0.30297E+01  0.76611E-01  0.20886E-01  0.19125E+01
 0.28217E+00 -0.16797E+01  0.30313E+01  0.76733E-01  0.20908E-01  0.19150E+01
 0.28274E+00 -0.16792E+01  0.30329E+01  0.76856E-01  0.20930E-01  0.19175E+01
 0.28330E+00 -0.16788E+01  0.30345E+01  0.76979E-01  0.20952E-01  0.19200E+01
 0.28387E+00 -0.16783E+01  0.30361E+01  0.77102E-01  0.20975E-01  0.19225E+01
 0.28443E+00 -0.16778E+01  0.30377E+01  0.77225E-01  0.20997E-01  0.19250E+01
 0.28499E+00 -0.16774E+01  0.30393E+01  0.77348E-01  0.21020E-01  0.19275E+01
 0.28556E+00 -0.16769E+01  0.30409E+01  0.77472E-01  0.21042E-01  0.19300E+01
 0.28612E+00 -0.16764E+01  0.30425E+01  0.77596E-01  0.21065E-01  0.19325E+01
 0.28668E+00 -0.16760E+01  0.30441E+01  0.77721E-01  0.21088E-01  0.19350E+01
 0.28724E+00 -0.16755E+01  0.30456E+01  0.77845E-01  0.21111E-01  0.19375E+01
 0.28780E+00 -0.16750E+01  0.30472E+01  0.77970E-01  0.21134E-01  0.19400E+01
 0.28836E+00 -0.16745E+01  0.30487E+01  0.78095E-01  0.21157E-01  0.19425E+01
 0.28892E+00 -0.16741E+01  0.30503E+01  0.78220E-01  0.21180E-01  0.19450E+01
 0.28948E+00 -0.16736E+01  0.30518E+01  0.78346E-01  0.21203E-01  0.19475E+01
 0.29003E+00 -0.16731E+01  0.30534E+01  0.78472E-01  0.21227E-01  0.19500E+01
 0.29059E+00 -0.16726E+01  0.30549E+01  0.78598E-01  0.21250E-01  0.19525E+01
 0.29115E+00 -0.16722E+01  0.30564E+01  0.78724E-01  0.21274E-01  0.19550E+01
 0.29170E+00 -0.16717E+01  0.30579E+01  0.78851E-01  0.21297E-01  0.19575E+01
 0.29226E+00 -0.16712E+01  0.30594E+01  0.78978E-01  0.21321E-01  0.19600E+01
 0.29281E+00 -0.16707E+01  0.30610E+01  0.79105E-01  0.21345E-01  0.19625E+01
 0.29336E+00 -0.16702E+01  0.30624E+01  0.79232E-01  0.21369E-01  0.19650E+01
 0.29391E+00 -0.16697E+01  0.30639E+01  0.79360E-01  0.21393E-01  0.19675E+01
 0.29447E+00 -0.16692E+01  0.30654E+01  0.79488E-01  0.21417E-01  0.19700E+01
 0.29502E+00 -0.16687E+01  0.30669E+01  0.79616E-01  0.21441E-01  0.19725E+01
 0.29557E+00 -0.16683E+01  0.30684E+01  0.79745E-01  0.21466E-01  0.19750E+01
 0.29612E+00 -0.16678E+01  0.30698E+01  0.79874E-01  0.21490E-01  0.19775E+01
 0.29667E+00 -0.16673E+01  0.30713E+01  0.80003E-01  0.21515E-01  0.19800E+01
 0.29721E+00 -0.16668E+01  0.30727E+01  0.80132E-01  0.21539E-01  0.19825E+01
 0.29776E+00 -0.16663E+01  0.30742E+01  0.80262E-01  0.21564E-01  0.19850E+01
 0.29831E+00 -0.16658E+01  0.30756E+01  0.80392E-01  0.21589E-01  0.19875E+01
 0.29885E+00 -0.16653E+01  0.30770E+01  0.80522E-01  0.21614E-01  0.19900E+01
 0.29940E+00 -0.16648E+01  0.30785E+01  0.80653E-01  0.21639E-01  0.19925E+01
 0.29994E+00 -0.16643E+01  0.30799E+01  0.80784E-01  0.21664E-01  0.19950E+01
 0.30049E+00 -0.16638E+01  0.30813E+01  0.80915E-01  0.21689E-01  0.19975E+01
 0.30103E+00 -0.16632E+01  0.30827E+01  0.81047E-01  0.21715E-01  0.20000E+01
