  0.99999998E-02  0.82908220E-02  0.31152945E+01 -0.20814024E+01 -0.20000000E+01
  0.20000000E-01  0.84554793E-02  0.31480350E+01 -0.20728618E+01 -0.16989700E+01
  0.29999999E-01  0.86139148E-02  0.31797805E+01 -0.20647994E+01 -0.15228788E+01
  0.39999999E-01  0.87661672E-02  0.32106564E+01 -0.20571903E+01 -0.13979400E+01
  0.49999999E-01  0.89122827E-02  0.32407747E+01 -0.20500110E+01 -0.13010300E+01
  0.59999999E-01  0.90523156E-02  0.32702354E+01 -0.20432403E+01 -0.12218488E+01
  0.69999998E-01  0.91863276E-02  0.32991282E+01 -0.20368581E+01 -0.11549020E+01
  0.79999998E-01  0.93143888E-02  0.33275338E+01 -0.20308456E+01 -0.10969100E+01
  0.89999998E-01  0.94365771E-02  0.33555249E+01 -0.20251855E+01 -0.10457575E+01
  0.99999998E-01  0.95529789E-02  0.33831670E+01 -0.20198612E+01 -0.10000000E+01
  0.11000000E+00  0.96636888E-02  0.34105193E+01 -0.20148571E+01 -0.95860732E+00
  0.12000000E+00  0.97688100E-02  0.34376352E+01 -0.20101583E+01 -0.92081876E+00
  0.13000000E+00  0.98684543E-02  0.34645629E+01 -0.20057509E+01 -0.88605666E+00
  0.14000000E+00  0.99627424E-02  0.34913459E+01 -0.20016211E+01 -0.85387197E+00
  0.15000000E+00  0.10051804E-01  0.35180231E+01 -0.19977560E+01 -0.82390875E+00
  0.16000000E+00  0.10135777E-01  0.35446293E+01 -0.19941430E+01 -0.79588003E+00
  0.17000000E+00  0.10214810E-01  0.35711955E+01 -0.19907697E+01 -0.76955109E+00
  0.18000000E+00  0.10289060E-01  0.35977488E+01 -0.19876243E+01 -0.74472750E+00
  0.19000000E+00  0.10358693E-01  0.36243128E+01 -0.19846950E+01 -0.72124641E+00
  0.20000000E+00  0.10423886E-01  0.36509077E+01 -0.19819704E+01 -0.69897001E+00
  0.21000000E+00  0.10484824E-01  0.36775500E+01 -0.19794389E+01 -0.67778071E+00
  0.22000000E+00  0.10541703E-01  0.37042531E+01 -0.19770892E+01 -0.65757733E+00
  0.22999999E+00  0.10594729E-01  0.37310268E+01 -0.19749101E+01 -0.63827217E+00
  0.23999999E+00  0.10644117E-01  0.37578777E+01 -0.19728904E+01 -0.61978877E+00
  0.24999999E+00  0.10690093E-01  0.37848086E+01 -0.19710185E+01 -0.60206000E+00
  0.25999999E+00  0.10732892E-01  0.38118192E+01 -0.19692832E+01 -0.58502666E+00
  0.26999999E+00  0.10772760E-01  0.38389053E+01 -0.19676730E+01 -0.56863625E+00
  0.27999999E+00  0.10809952E-01  0.38660592E+01 -0.19661762E+01 -0.55284198E+00
  0.28999999E+00  0.10844735E-01  0.38932693E+01 -0.19647810E+01 -0.53760201E+00
  0.29999999E+00  0.10877385E-01  0.39205203E+01 -0.19634755E+01 -0.52287875E+00
  0.30999999E+00  0.10908186E-01  0.39477928E+01 -0.19622475E+01 -0.50863832E+00
  0.31999999E+00  0.10937435E-01  0.39750634E+01 -0.19610845E+01 -0.49485003E+00
  0.32999999E+00  0.10965436E-01  0.40023047E+01 -0.19599741E+01 -0.48148607E+00
  0.33999999E+00  0.10992504E-01  0.40294850E+01 -0.19589034E+01 -0.46852109E+00
  0.34999999E+00  0.11018963E-01  0.40565684E+01 -0.19578593E+01 -0.45593197E+00
  0.35999999E+00  0.11045145E-01  0.40835147E+01 -0.19568286E+01 -0.44369751E+00
  0.36999999E+00  0.11071391E-01  0.41102795E+01 -0.19557978E+01 -0.43179829E+00
  0.37999999E+00  0.11098049E-01  0.41368145E+01 -0.19547534E+01 -0.42021641E+00
  0.38999999E+00  0.11125475E-01  0.41630670E+01 -0.19536815E+01 -0.40893540E+00
  0.39999999E+00  0.11154031E-01  0.41889806E+01 -0.19525682E+01 -0.39794002E+00
  0.40999999E+00  0.11184087E-01  0.42144955E+01 -0.19513995E+01 -0.38721615E+00
  0.41999999E+00  0.11216015E-01  0.42395482E+01 -0.19501614E+01 -0.37675072E+00
  0.42999999E+00  0.11250194E-01  0.42640726E+01 -0.19488400E+01 -0.36653155E+00
  0.43999999E+00  0.11287004E-01  0.42879999E+01 -0.19474213E+01 -0.35654733E+00
  0.44999999E+00  0.11326827E-01  0.43112596E+01 -0.19458917E+01 -0.34678750E+00
  0.45999999E+00  0.11370046E-01  0.43337799E+01 -0.19442378E+01 -0.33724218E+00
  0.46999999E+00  0.11417042E-01  0.43554883E+01 -0.19424464E+01 -0.32790215E+00
  0.47999999E+00  0.11468194E-01  0.43763128E+01 -0.19405050E+01 -0.31875877E+00
  0.48999999E+00  0.11523872E-01  0.43961826E+01 -0.19384016E+01 -0.30980393E+00
  0.49999999E+00  0.11584443E-01  0.44150290E+01 -0.19361248E+01 -0.30103001E+00
  0.50999999E+00  0.11650261E-01  0.44327865E+01 -0.19336643E+01 -0.29242983E+00
  0.51999999E+00  0.11721667E-01  0.44493943E+01 -0.19310106E+01 -0.28399667E+00
  0.52999999E+00  0.11798986E-01  0.44647967E+01 -0.19281553E+01 -0.27572414E+00
  0.53999999E+00  0.11882521E-01  0.44789450E+01 -0.19250914E+01 -0.26760625E+00
  0.54999999E+00  0.11972552E-01  0.44917985E+01 -0.19218133E+01 -0.25963732E+00
  0.55999999E+00  0.12069327E-01  0.45033254E+01 -0.19183169E+01 -0.25181198E+00
  0.56999999E+00  0.12173061E-01  0.45135047E+01 -0.19146002E+01 -0.24412515E+00
  0.57999999E+00  0.12283925E-01  0.45223266E+01 -0.19106628E+01 -0.23657202E+00
  0.58999999E+00  0.12402044E-01  0.45297942E+01 -0.19065067E+01 -0.22914800E+00
  0.59999999E+00  0.12527484E-01  0.45359244E+01 -0.19021361E+01 -0.22184876E+00
  0.60999999E+00  0.12660245E-01  0.45407491E+01 -0.18975579E+01 -0.21467017E+00
  0.61999999E+00  0.12800248E-01  0.45443161E+01 -0.18927816E+01 -0.20760832E+00
  0.62999999E+00  0.12947327E-01  0.45466902E+01 -0.18878199E+01 -0.20065946E+00
  0.63999999E+00  0.13101209E-01  0.45479545E+01 -0.18826886E+01 -0.19382004E+00
  0.64999999E+00  0.13261499E-01  0.45482112E+01 -0.18774074E+01 -0.18708665E+00
  0.65999999E+00  0.13427659E-01  0.45475834E+01 -0.18719997E+01 -0.18045607E+00
  0.66999999E+00  0.13598984E-01  0.45462168E+01 -0.18664935E+01 -0.17392521E+00
  0.67999998E+00  0.13774572E-01  0.45442815E+01 -0.18609219E+01 -0.16749110E+00
  0.68999998E+00  0.13953286E-01  0.45419756E+01 -0.18553235E+01 -0.16115092E+00
  0.69999998E+00  0.14133711E-01  0.45395284E+01 -0.18497438E+01 -0.15490197E+00
  0.70999998E+00  0.14314096E-01  0.45372069E+01 -0.18442361E+01 -0.14874166E+00
  0.71999998E+00  0.14492280E-01  0.45353230E+01 -0.18388633E+01 -0.14266751E+00
  0.72999998E+00  0.14665600E-01  0.45342453E+01 -0.18337002E+01 -0.13667715E+00
  0.73999998E+00  0.14830757E-01  0.45344160E+01 -0.18288367E+01 -0.13076829E+00
  0.74999998E+00  0.14983641E-01  0.45363754E+01 -0.18243826E+01 -0.12493875E+00
  0.75999998E+00  0.15119076E-01  0.45408008E+01 -0.18204747E+01 -0.11918642E+00
  0.76999998E+00  0.15230437E-01  0.45485679E+01 -0.18172876E+01 -0.11350928E+00
  0.77999998E+00  0.15309048E-01  0.45608534E+01 -0.18150518E+01 -0.10790541E+00
  0.78999998E+00  0.15343169E-01  0.45793173E+01 -0.18140849E+01 -0.10237292E+00
  0.79999998E+00  0.15316149E-01  0.46064535E+01 -0.18148504E+01 -0.96910023E-01
  0.80999998E+00  0.15202593E-01  0.46463460E+01 -0.18180823E+01 -0.91514991E-01
  0.81999998E+00  0.14959002E-01  0.47066017E+01 -0.18250974E+01 -0.86186157E-01
  0.82999998E+00  0.14492924E-01  0.48049612E+01 -0.18388440E+01 -0.80921917E-01
  0.83999998E+00  0.13453815E-01  0.50159237E+01 -0.18711546E+01 -0.75720724E-01
  0.84999998E+00  0.12357218E-01  0.52755052E+01 -0.19080793E+01 -0.70581084E-01
  0.85999998E+00  0.12460055E-01  0.52811438E+01 -0.19044800E+01 -0.65501558E-01
  0.86999998E+00  0.12563433E-01  0.52866557E+01 -0.19008917E+01 -0.60480757E-01
  0.87999998E+00  0.12667356E-01  0.52920428E+01 -0.18973140E+01 -0.55517338E-01
  0.88999998E+00  0.12771829E-01  0.52973072E+01 -0.18937469E+01 -0.50610003E-01
  0.89999998E+00  0.12876856E-01  0.53024509E+01 -0.18901902E+01 -0.45757500E-01
  0.90999998E+00  0.12982438E-01  0.53074762E+01 -0.18866437E+01 -0.40958617E-01
  0.91999998E+00  0.13088578E-01  0.53123852E+01 -0.18831076E+01 -0.36212182E-01
  0.92999998E+00  0.13195275E-01  0.53171805E+01 -0.18795815E+01 -0.31517061E-01
  0.93999998E+00  0.13302531E-01  0.53218643E+01 -0.18760657E+01 -0.26872156E-01
  0.94999998E+00  0.13410342E-01  0.53264391E+01 -0.18725601E+01 -0.22276404E-01
  0.95999998E+00  0.13518708E-01  0.53309076E+01 -0.18690648E+01 -0.17728777E-01
  0.96999998E+00  0.13627625E-01  0.53352723E+01 -0.18655798E+01 -0.13228275E-01
  0.97999998E+00  0.13737088E-01  0.53395360E+01 -0.18621053E+01 -0.87739340E-02
  0.98999998E+00  0.13847093E-01  0.53437014E+01 -0.18586414E+01 -0.43648151E-02
  0.99999998E+00  0.13957632E-01  0.53477715E+01 -0.18551883E+01 -0.97072382E-08
  0.10100000E+01  0.14068699E-01  0.53517491E+01 -0.18517461E+01  0.43213641E-02
  0.10200000E+01  0.14180284E-01  0.53556374E+01 -0.18483151E+01  0.86001621E-02
  0.10300000E+01  0.14292379E-01  0.53594393E+01 -0.18448955E+01  0.12837215E-01
  0.10400000E+01  0.14404973E-01  0.53631580E+01 -0.18414876E+01  0.17033330E-01
  0.10500000E+01  0.14518054E-01  0.53667967E+01 -0.18380916E+01  0.21189289E-01
  0.10600000E+01  0.14631608E-01  0.53703588E+01 -0.18347079E+01  0.25305856E-01
  0.10700000E+01  0.14745622E-01  0.53738476E+01 -0.18313369E+01  0.29383768E-01
  0.10800000E+01  0.14860081E-01  0.53772666E+01 -0.18279788E+01  0.33423746E-01
  0.10900000E+01  0.14974968E-01  0.53806191E+01 -0.18246341E+01  0.37426488E-01
  0.11000000E+01  0.15090266E-01  0.53839089E+01 -0.18213031E+01  0.41392675E-01
  0.11100000E+01  0.15205955E-01  0.53871396E+01 -0.18179863E+01  0.45322969E-01
  0.11200000E+01  0.15322017E-01  0.53903147E+01 -0.18146841E+01  0.49218013E-01
  0.11300000E+01  0.15438429E-01  0.53934382E+01 -0.18113969E+01  0.53078434E-01
  0.11400000E+01  0.15555168E-01  0.53965137E+01 -0.18081253E+01  0.56904842E-01
  0.11500000E+01  0.15672213E-01  0.53995453E+01 -0.18048697E+01  0.60697831E-01
  0.11600000E+01  0.15789536E-01  0.54025368E+01 -0.18016306E+01  0.64457980E-01
  0.11700000E+01  0.15907113E-01  0.54054923E+01 -0.17984086E+01  0.68185852E-01
  0.11800000E+01  0.16024916E-01  0.54084157E+01 -0.17952042E+01  0.71881998E-01
  0.11900000E+01  0.16142916E-01  0.54113113E+01 -0.17920180E+01  0.75546952E-01
  0.12000000E+01  0.16261083E-01  0.54141832E+01 -0.17888505E+01  0.79181236E-01
  0.12100000E+01  0.16379386E-01  0.54170356E+01 -0.17857024E+01  0.82785361E-01
  0.12200000E+01  0.16497791E-01  0.54198727E+01 -0.17825742E+01  0.86359821E-01
  0.12300000E+01  0.16616266E-01  0.54226990E+01 -0.17794666E+01  0.89905102E-01
  0.12400000E+01  0.16734776E-01  0.54255188E+01 -0.17763801E+01  0.93421675E-01
  0.12500000E+01  0.16853283E-01  0.54283366E+01 -0.17733155E+01  0.96910003E-01
  0.12600000E+01  0.16971750E-01  0.54311568E+01 -0.17702734E+01  0.10037054E+00
  0.12700000E+01  0.17090138E-01  0.54339839E+01 -0.17672544E+01  0.10380371E+00
  0.12800000E+01  0.17208408E-01  0.54368226E+01 -0.17642593E+01  0.10720996E+00
  0.12900000E+01  0.17326517E-01  0.54396774E+01 -0.17612887E+01  0.11058970E+00
  0.13000000E+01  0.17444422E-01  0.54425530E+01 -0.17583434E+01  0.11394334E+00
  0.13100000E+01  0.17562081E-01  0.54454541E+01 -0.17554240E+01  0.11727129E+00
  0.13200000E+01  0.17679448E-01  0.54483855E+01 -0.17525313E+01  0.12057392E+00
  0.13300000E+01  0.17796476E-01  0.54513519E+01 -0.17496660E+01  0.12385163E+00
  0.13400000E+01  0.17913119E-01  0.54543583E+01 -0.17468288E+01  0.12710479E+00
  0.13500000E+01  0.18029328E-01  0.54574093E+01 -0.17440205E+01  0.13033376E+00
  0.13600000E+01  0.18145053E-01  0.54605100E+01 -0.17412418E+01  0.13353890E+00
  0.13700000E+01  0.18260243E-01  0.54636653E+01 -0.17384934E+01  0.13672056E+00
  0.13800000E+01  0.18374847E-01  0.54668801E+01 -0.17357763E+01  0.13987908E+00
  0.13900000E+01  0.18488813E-01  0.54701594E+01 -0.17330910E+01  0.14301479E+00
  0.14000000E+01  0.18602086E-01  0.54735082E+01 -0.17304384E+01  0.14612803E+00
  0.14100000E+01  0.18714612E-01  0.54769317E+01 -0.17278192E+01  0.14921910E+00
  0.14200000E+01  0.18826336E-01  0.54804348E+01 -0.17252342E+01  0.15228833E+00
  0.14300000E+01  0.18937203E-01  0.54840227E+01 -0.17226842E+01  0.15533603E+00
  0.14400000E+01  0.19047154E-01  0.54877005E+01 -0.17201699E+01  0.15836248E+00
  0.14500000E+01  0.19156132E-01  0.54914732E+01 -0.17176922E+01  0.16136799E+00
  0.14600000E+01  0.19264081E-01  0.54953462E+01 -0.17152517E+01  0.16435285E+00
  0.14700000E+01  0.19370941E-01  0.54993244E+01 -0.17128493E+01  0.16731733E+00
  0.14800000E+01  0.19476653E-01  0.55034131E+01 -0.17104857E+01  0.17026171E+00
  0.14900000E+01  0.19581158E-01  0.55076174E+01 -0.17081616E+01  0.17318626E+00
  0.15000000E+01  0.19684396E-01  0.55119425E+01 -0.17058779E+01  0.17609125E+00
  0.15100000E+01  0.19786309E-01  0.55163936E+01 -0.17036352E+01  0.17897694E+00
  0.15200000E+01  0.19886836E-01  0.55209758E+01 -0.17014343E+01  0.18184358E+00
  0.15300000E+01  0.19985918E-01  0.55256943E+01 -0.16992759E+01  0.18469142E+00
  0.15400000E+01  0.20083495E-01  0.55305542E+01 -0.16971607E+01  0.18752071E+00
  0.15500000E+01  0.20179509E-01  0.55355605E+01 -0.16950894E+01  0.19033169E+00
  0.15600000E+01  0.20273901E-01  0.55407185E+01 -0.16930627E+01  0.19312459E+00
  0.15700000E+01  0.20366612E-01  0.55460330E+01 -0.16910812E+01  0.19589964E+00
  0.15800000E+01  0.20457585E-01  0.55515091E+01 -0.16891456E+01  0.19865708E+00
  0.15900000E+01  0.20546764E-01  0.55571517E+01 -0.16872566E+01  0.20139711E+00
  0.16000000E+01  0.20634093E-01  0.55629657E+01 -0.16854146E+01  0.20411997E+00
  0.16100000E+01  0.20719518E-01  0.55689560E+01 -0.16836204E+01  0.20682587E+00
  0.16200000E+01  0.20802986E-01  0.55751272E+01 -0.16818743E+01  0.20951500E+00
  0.16300000E+01  0.20884444E-01  0.55814840E+01 -0.16801771E+01  0.21218759E+00
  0.16400000E+01  0.20963844E-01  0.55880309E+01 -0.16785291E+01  0.21484384E+00
  0.16500000E+01  0.21041137E-01  0.55947723E+01 -0.16769308E+01  0.21748393E+00
  0.16600000E+01  0.21116277E-01  0.56017126E+01 -0.16753826E+01  0.22010808E+00
  0.16700000E+01  0.21189220E-01  0.56088559E+01 -0.16738850E+01  0.22271646E+00
  0.16800000E+01  0.21259925E-01  0.56162063E+01 -0.16724383E+01  0.22530927E+00
  0.16900000E+01  0.21328353E-01  0.56237674E+01 -0.16710427E+01  0.22788669E+00
  0.17000000E+01  0.21394469E-01  0.56315430E+01 -0.16696985E+01  0.23044891E+00
  0.17100000E+01  0.21458239E-01  0.56395364E+01 -0.16684059E+01  0.23299610E+00
  0.17200000E+01  0.21519634E-01  0.56477509E+01 -0.16671651E+01  0.23552844E+00
  0.17300000E+01  0.21578628E-01  0.56561893E+01 -0.16659762E+01  0.23804609E+00
  0.17400000E+01  0.21635199E-01  0.56648542E+01 -0.16648391E+01  0.24054924E+00
  0.17500000E+01  0.21689330E-01  0.56737480E+01 -0.16637539E+01  0.24303804E+00
  0.17600000E+01  0.21741007E-01  0.56828726E+01 -0.16627203E+01  0.24551266E+00
  0.17700000E+01  0.21790222E-01  0.56922296E+01 -0.16617384E+01  0.24797326E+00
  0.17800000E+01  0.21836969E-01  0.57018200E+01 -0.16608076E+01  0.25041999E+00
  0.17900000E+01  0.21881251E-01  0.57116447E+01 -0.16599279E+01  0.25285302E+00
  0.18000000E+01  0.21923075E-01  0.57217036E+01 -0.16590985E+01  0.25527250E+00
  0.18100000E+01  0.21962454E-01  0.57319965E+01 -0.16583191E+01  0.25767857E+00
  0.18200000E+01  0.21999406E-01  0.57425224E+01 -0.16575890E+01  0.26007138E+00
  0.18300000E+01  0.22033960E-01  0.57532795E+01 -0.16569074E+01  0.26245108E+00
  0.18400000E+01  0.22066147E-01  0.57642654E+01 -0.16562735E+01  0.26481781E+00
  0.18500000E+01  0.22096009E-01  0.57754770E+01 -0.16556862E+01  0.26717172E+00
  0.18600000E+01  0.22123595E-01  0.57869099E+01 -0.16551443E+01  0.26951293E+00
  0.18700000E+01  0.22148963E-01  0.57985592E+01 -0.16546466E+01  0.27184160E+00
  0.18800000E+01  0.22172181E-01  0.58104185E+01 -0.16541916E+01  0.27415784E+00
  0.18900000E+01  0.22193327E-01  0.58224804E+01 -0.16537776E+01  0.27646179E+00
  0.19000000E+01  0.22212489E-01  0.58347360E+01 -0.16534028E+01  0.27875359E+00
  0.19100000E+01  0.22229768E-01  0.58471749E+01 -0.16530651E+01  0.28103336E+00
  0.19200000E+01  0.22245278E-01  0.58597850E+01 -0.16527622E+01  0.28330122E+00
  0.19300000E+01  0.22259149E-01  0.58725521E+01 -0.16524915E+01  0.28555730E+00
  0.19400000E+01  0.22271525E-01  0.58854600E+01 -0.16522500E+01  0.28780172E+00
  0.19500000E+01  0.22282572E-01  0.58984896E+01 -0.16520347E+01  0.29003460E+00
  0.19600000E+01  0.22292475E-01  0.59116190E+01 -0.16518417E+01  0.29225606E+00
  0.19700000E+01  0.22301445E-01  0.59248225E+01 -0.16516670E+01  0.29446622E+00
  0.19800000E+01  0.22309726E-01  0.59380701E+01 -0.16515058E+01  0.29666518E+00
  0.19900000E+01  0.22317598E-01  0.59513263E+01 -0.16513526E+01  0.29885307E+00
  0.20000000E+01  0.22325388E-01  0.59645489E+01 -0.16512010E+01  0.30102999E+00
