.523564274025450e27
.548239098071595e27
.574076810748440e27
.601132217308710e27
.629462705897085e27
.659128369278205e27
.690192132301445e27
.722719885372965e27
.756780624218105e27
.792446596230560e27
.829793453718785e27
.868900414374690e27
.909850429304995e27
.952730358981630e27
.997631157484445e27
.104464806542702e28
.109388081197478e28
.114543382638390e28
.119941645950976e28
.125594321575480e28
.131513399594770e28
.137711435166910e28
.144201575156332e28
.150997586020102e28
.158113883008421e28
.165565560741298e28
.173368425226268e28
.181539027385053e28
.190094698160283e28
.199053585276752e28
.208434691735170e28
.218257916120086e28
.228544094807441e28
.239315046161322e28
.250593616813640e28
.262403730124890e28
.274770436928816e28
.287719968668583e28
.301279793037184e28
.315478672240102e28
.330346724003804e28
.345915485459474e28
.362217980037502e28
.379288787514599e28
.397164117362148e28
.415881885551344e28
.435481794978050e28
.456005419677964e28
.477496293010728e28
.500000000000010e28
.523564274025460e28
.548239098071605e28
.574076810748455e28
.601132217308720e28
.629462705897100e28
.659128369278220e28
.690192132301460e28
.722719885372985e28
.756780624218125e28
.792446596230580e28
.829793453718805e28
.868900414374710e28
.909850429305020e28
.952730358981650e28
.997631157484470e28
.104464806542705e29
.109388081197481e29
.114543382638392e29
.119941645950978e29
.125594321575483e29
.131513399594774e29
.137711435166912e29
.144201575156335e29
.150997586020106e29
.158113883008424e29
.165565560741301e29
.173368425226272e29
.181539027385057e29
.190094698160287e29
.199053585276756e29
.208434691735176e29
.218257916120091e29
.228544094807446e29
.239315046161328e29
.250593616813646e29
.262403730124896e29
.274770436928823e29
.287719968668590e29
.301279793037191e29
.315478672240110e29
.330346724003812e29
.345915485459482e29
.362217980037510e29
.379288787514608e29
.397164117362158e29
.415881885551354e29
.435481794978059e29
.456005419677975e29
.477496293010739e29
.500000000000020e29
