  0.99999998E-02  0.98916154E-03  0.14277036E+01 -0.30047328E+01 -0.20000000E+01
  0.20000000E-01  0.12102765E-02  0.15211292E+01 -0.29171154E+01 -0.16989700E+01
  0.29999999E-01  0.14245501E-02  0.15897422E+01 -0.28463223E+01 -0.15228788E+01
  0.39999999E-01  0.16321603E-02  0.16440992E+01 -0.27872372E+01 -0.13979400E+01
  0.49999999E-01  0.18332960E-02  0.16895587E+01 -0.27367674E+01 -0.13010300E+01
  0.59999999E-01  0.20281575E-02  0.17291264E+01 -0.26928983E+01 -0.12218488E+01
  0.69999998E-01  0.22169577E-02  0.17646152E+01 -0.26542426E+01 -0.11549020E+01
  0.79999998E-01  0.23999232E-02  0.17971797E+01 -0.26198027E+01 -0.10969100E+01
  0.89999998E-01  0.25772954E-02  0.18275860E+01 -0.25888358E+01 -0.10457575E+01
  0.99999998E-01  0.27493316E-02  0.18563583E+01 -0.25607729E+01 -0.10000000E+01
  0.11000000E+00  0.29163064E-02  0.18838629E+01 -0.25351668E+01 -0.95860732E+00
  0.12000000E+00  0.30785123E-02  0.19103588E+01 -0.25116591E+01 -0.92081876E+00
  0.13000000E+00  0.32362603E-02  0.19360297E+01 -0.24899566E+01 -0.88605666E+00
  0.14000000E+00  0.33898794E-02  0.19610044E+01 -0.24698158E+01 -0.85387197E+00
  0.15000000E+00  0.35397145E-02  0.19853718E+01 -0.24510318E+01 -0.82390875E+00
  0.16000000E+00  0.36861189E-02  0.20091912E+01 -0.24334307E+01 -0.79588003E+00
  0.17000000E+00  0.38294380E-02  0.20325029E+01 -0.24168650E+01 -0.76955109E+00
  0.18000000E+00  0.39699677E-02  0.20553414E+01 -0.24012130E+01 -0.74472750E+00
  0.19000000E+00  0.41078471E-02  0.20777610E+01 -0.23863857E+01 -0.72124641E+00
  0.20000000E+00  0.42427313E-02  0.20999062E+01 -0.23723545E+01 -0.69897001E+00
  0.21000000E+00  0.43724365E-02  0.21222926E+01 -0.23592765E+01 -0.67778071E+00
  0.22000000E+00  0.44785892E-02  0.21487994E+01 -0.23488588E+01 -0.65757733E+00
  0.22999999E+00  0.46340296E-02  0.21643121E+01 -0.23340412E+01 -0.63827217E+00
  0.23999999E+00  0.48324949E-02  0.21706497E+01 -0.23158286E+01 -0.61978877E+00
  0.24999999E+00  0.50305618E-02  0.21769887E+01 -0.22983835E+01 -0.60206000E+00
  0.25999999E+00  0.52281854E-02  0.21833309E+01 -0.22816490E+01 -0.58502666E+00
  0.26999999E+00  0.54253223E-02  0.21896780E+01 -0.22655745E+01 -0.56863625E+00
  0.27999999E+00  0.56219304E-02  0.21960316E+01 -0.22501145E+01 -0.55284198E+00
  0.28999999E+00  0.58179694E-02  0.22023932E+01 -0.22352286E+01 -0.53760201E+00
  0.29999999E+00  0.60134005E-02  0.22087641E+01 -0.22208799E+01 -0.52287875E+00
  0.30999999E+00  0.62081863E-02  0.22151455E+01 -0.22070353E+01 -0.50863832E+00
  0.31999999E+00  0.64022912E-02  0.22215386E+01 -0.21936646E+01 -0.49485003E+00
  0.32999999E+00  0.65956809E-02  0.22279445E+01 -0.21807404E+01 -0.48148607E+00
  0.33999999E+00  0.67883229E-02  0.22343642E+01 -0.21682375E+01 -0.46852109E+00
  0.34999999E+00  0.69801862E-02  0.22407985E+01 -0.21561330E+01 -0.45593197E+00
  0.35999999E+00  0.71712413E-02  0.22472483E+01 -0.21444057E+01 -0.44369751E+00
  0.36999999E+00  0.73614603E-02  0.22537145E+01 -0.21330360E+01 -0.43179829E+00
  0.37999999E+00  0.75508167E-02  0.22601976E+01 -0.21220061E+01 -0.42021641E+00
  0.38999999E+00  0.77392855E-02  0.22666985E+01 -0.21112991E+01 -0.40893540E+00
  0.39999999E+00  0.79268435E-02  0.22732177E+01 -0.21008997E+01 -0.39794002E+00
  0.40999999E+00  0.81134684E-02  0.22797558E+01 -0.20907934E+01 -0.38721615E+00
  0.41999999E+00  0.82991398E-02  0.22863134E+01 -0.20809669E+01 -0.37675072E+00
  0.42999999E+00  0.84838383E-02  0.22928908E+01 -0.20714076E+01 -0.36653155E+00
  0.43999999E+00  0.86675460E-02  0.22994885E+01 -0.20621038E+01 -0.35654733E+00
  0.44999999E+00  0.88502462E-02  0.23061070E+01 -0.20530446E+01 -0.34678750E+00
  0.45999999E+00  0.90319236E-02  0.23127467E+01 -0.20442197E+01 -0.33724218E+00
  0.46999999E+00  0.92125638E-02  0.23194077E+01 -0.20356195E+01 -0.32790215E+00
  0.47999999E+00  0.93921538E-02  0.23260905E+01 -0.20272348E+01 -0.31875877E+00
  0.48999999E+00  0.95706816E-02  0.23327953E+01 -0.20190571E+01 -0.30980393E+00
  0.49999999E+00  0.97481360E-02  0.23395223E+01 -0.20110784E+01 -0.30103001E+00
  0.50999999E+00  0.99245070E-02  0.23462719E+01 -0.20032911E+01 -0.29242983E+00
  0.51999999E+00  0.10099785E-01  0.23530441E+01 -0.19956879E+01 -0.28399667E+00
  0.52999999E+00  0.10273963E-01  0.23598392E+01 -0.19882620E+01 -0.27572414E+00
  0.53999999E+00  0.10447032E-01  0.23666573E+01 -0.19810071E+01 -0.26760625E+00
  0.54999999E+00  0.10618986E-01  0.23734986E+01 -0.19739170E+01 -0.25963732E+00
  0.55999999E+00  0.10789818E-01  0.23803632E+01 -0.19669859E+01 -0.25181198E+00
  0.56999999E+00  0.10959522E-01  0.23872513E+01 -0.19602084E+01 -0.24412515E+00
  0.57999999E+00  0.11128094E-01  0.23941630E+01 -0.19535792E+01 -0.23657202E+00
  0.58999999E+00  0.11295528E-01  0.24010984E+01 -0.19470935E+01 -0.22914800E+00
  0.59999999E+00  0.11461820E-01  0.24080577E+01 -0.19407464E+01 -0.22184876E+00
  0.60999999E+00  0.11626966E-01  0.24150409E+01 -0.19345336E+01 -0.21467017E+00
  0.61999999E+00  0.11790961E-01  0.24220484E+01 -0.19284508E+01 -0.20760832E+00
  0.62999999E+00  0.11953802E-01  0.24290801E+01 -0.19224939E+01 -0.20065946E+00
  0.63999999E+00  0.12115485E-01  0.24361362E+01 -0.19166592E+01 -0.19382004E+00
  0.64999999E+00  0.12276005E-01  0.24432171E+01 -0.19109429E+01 -0.18708665E+00
  0.65999999E+00  0.12435359E-01  0.24503227E+01 -0.19053417E+01 -0.18045607E+00
  0.66999999E+00  0.12593543E-01  0.24574535E+01 -0.18998521E+01 -0.17392521E+00
  0.67999998E+00  0.12750551E-01  0.24646095E+01 -0.18944711E+01 -0.16749110E+00
  0.68999998E+00  0.12906378E-01  0.24717912E+01 -0.18891956E+01 -0.16115092E+00
  0.69999998E+00  0.13061020E-01  0.24789989E+01 -0.18840229E+01 -0.15490197E+00
  0.70999998E+00  0.13214469E-01  0.24862328E+01 -0.18789503E+01 -0.14874166E+00
  0.71999998E+00  0.13366721E-01  0.24934934E+01 -0.18739751E+01 -0.14266751E+00
  0.72999998E+00  0.13517766E-01  0.25007812E+01 -0.18690951E+01 -0.13667715E+00
  0.73999998E+00  0.13667597E-01  0.25080966E+01 -0.18643078E+01 -0.13076829E+00
  0.74999998E+00  0.13816206E-01  0.25154402E+01 -0.18596112E+01 -0.12493875E+00
  0.75999998E+00  0.13963582E-01  0.25228127E+01 -0.18550032E+01 -0.11918642E+00
  0.76999998E+00  0.14109713E-01  0.25302147E+01 -0.18504818E+01 -0.11350928E+00
  0.77999998E+00  0.14254589E-01  0.25376469E+01 -0.18460453E+01 -0.10790541E+00
  0.78999998E+00  0.14398195E-01  0.25451102E+01 -0.18416920E+01 -0.10237292E+00
  0.79999998E+00  0.14540516E-01  0.25526056E+01 -0.18374202E+01 -0.96910023E-01
  0.80999998E+00  0.14681537E-01  0.25601339E+01 -0.18332285E+01 -0.91514991E-01
  0.81999998E+00  0.14821238E-01  0.25676963E+01 -0.18291155E+01 -0.86186157E-01
  0.82999998E+00  0.14959602E-01  0.25752940E+01 -0.18250800E+01 -0.80921917E-01
  0.83999998E+00  0.15096606E-01  0.25829283E+01 -0.18211207E+01 -0.75720724E-01
  0.84999998E+00  0.15232227E-01  0.25906007E+01 -0.18172366E+01 -0.70581084E-01
  0.85999998E+00  0.15366439E-01  0.25983126E+01 -0.18134268E+01 -0.65501558E-01
  0.86999998E+00  0.15499216E-01  0.26060657E+01 -0.18096903E+01 -0.60480757E-01
  0.87999998E+00  0.15630526E-01  0.26138619E+01 -0.18060264E+01 -0.55517338E-01
  0.88999998E+00  0.15760339E-01  0.26217031E+01 -0.18024344E+01 -0.50610003E-01
  0.89999998E+00  0.15888618E-01  0.26295916E+01 -0.17989139E+01 -0.45757500E-01
  0.90999998E+00  0.16015326E-01  0.26375295E+01 -0.17954642E+01 -0.40958617E-01
  0.91999998E+00  0.16140421E-01  0.26455194E+01 -0.17920851E+01 -0.36212182E-01
  0.92999998E+00  0.16263860E-01  0.26535641E+01 -0.17887764E+01 -0.31517061E-01
  0.93999998E+00  0.16385595E-01  0.26616664E+01 -0.17855378E+01 -0.26872156E-01
  0.94999998E+00  0.16505574E-01  0.26698295E+01 -0.17823694E+01 -0.22276404E-01
  0.95999998E+00  0.16623743E-01  0.26780570E+01 -0.17792712E+01 -0.17728777E-01
  0.96999998E+00  0.16740041E-01  0.26863523E+01 -0.17762435E+01 -0.13228275E-01
  0.97999998E+00  0.16854405E-01  0.26947197E+01 -0.17732866E+01 -0.87739340E-02
  0.98999998E+00  0.16966766E-01  0.27031633E+01 -0.17704009E+01 -0.43648151E-02
  0.99999998E+00  0.17077049E-01  0.27116880E+01 -0.17675872E+01 -0.97072382E-08
  0.10100000E+01  0.17185175E-01  0.27202987E+01 -0.17648460E+01  0.43213641E-02
  0.10200000E+01  0.17291058E-01  0.27290010E+01 -0.17621784E+01  0.86001621E-02
  0.10300000E+01  0.17394606E-01  0.27378008E+01 -0.17595854E+01  0.12837215E-01
  0.10400000E+01  0.17495720E-01  0.27467046E+01 -0.17570682E+01  0.17033330E-01
  0.10500000E+01  0.17594293E-01  0.27557193E+01 -0.17546282E+01  0.21189289E-01
  0.10600000E+01  0.17690209E-01  0.27648526E+01 -0.17522670E+01  0.25305856E-01
  0.10700000E+01  0.17783345E-01  0.27741128E+01 -0.17499866E+01  0.29383768E-01
  0.10800000E+01  0.17873566E-01  0.27835088E+01 -0.17477888E+01  0.33423746E-01
  0.10900000E+01  0.17960728E-01  0.27930505E+01 -0.17456761E+01  0.37426488E-01
  0.11000000E+01  0.18044675E-01  0.28027485E+01 -0.17436509E+01  0.41392675E-01
  0.11100000E+01  0.18125238E-01  0.28126148E+01 -0.17417163E+01  0.45322969E-01
  0.11200000E+01  0.18202234E-01  0.28226620E+01 -0.17398753E+01  0.49218013E-01
  0.11300000E+01  0.18275464E-01  0.28329044E+01 -0.17381316E+01  0.53078434E-01
  0.11400000E+01  0.18344712E-01  0.28433574E+01 -0.17364891E+01  0.56904842E-01
  0.11500000E+01  0.18409745E-01  0.28540383E+01 -0.17349522E+01  0.60697831E-01
  0.11600000E+01  0.18470305E-01  0.28649659E+01 -0.17335259E+01  0.64457980E-01
  0.11700000E+01  0.18526113E-01  0.28761613E+01 -0.17322157E+01  0.68185852E-01
  0.11800000E+01  0.18576864E-01  0.28876478E+01 -0.17310276E+01  0.71881998E-01
  0.11900000E+01  0.18622220E-01  0.28994516E+01 -0.17299686E+01  0.75546952E-01
  0.12000000E+01  0.18661812E-01  0.29116018E+01 -0.17290462E+01  0.79181236E-01
  0.12100000E+01  0.18695230E-01  0.29241313E+01 -0.17282692E+01  0.82785361E-01
  0.12200000E+01  0.18722022E-01  0.29370772E+01 -0.17276473E+01  0.86359821E-01
  0.12300000E+01  0.18741682E-01  0.29504815E+01 -0.17271914E+01  0.89905102E-01
  0.12400000E+01  0.18753647E-01  0.29643923E+01 -0.17269143E+01  0.93421675E-01
  0.12500000E+01  0.18757284E-01  0.29788645E+01 -0.17268300E+01  0.96910003E-01
  0.12600000E+01  0.18751877E-01  0.29939617E+01 -0.17269553E+01  0.10037054E+00
  0.12700000E+01  0.18736613E-01  0.30097576E+01 -0.17273089E+01  0.10380371E+00
  0.12800000E+01  0.18710561E-01  0.30263389E+01 -0.17279132E+01  0.10720996E+00
  0.12900000E+01  0.18672647E-01  0.30438078E+01 -0.17287941E+01  0.11058970E+00
  0.13000000E+01  0.18621620E-01  0.30622864E+01 -0.17299825E+01  0.11394334E+00
  0.13100000E+01  0.18556008E-01  0.30819224E+01 -0.17315155E+01  0.11727129E+00
  0.13200000E+01  0.18474053E-01  0.31028967E+01 -0.17334378E+01  0.12057392E+00
  0.13300000E+01  0.18373630E-01  0.31254343E+01 -0.17358050E+01  0.12385163E+00
  0.13400000E+01  0.18252120E-01  0.31498205E+01 -0.17386867E+01  0.12710479E+00
  0.13500000E+01  0.18106223E-01  0.31764251E+01 -0.17421721E+01  0.13033376E+00
  0.13600000E+01  0.17931677E-01  0.32057409E+01 -0.17463791E+01  0.13353890E+00
  0.13700000E+01  0.17722776E-01  0.32384475E+01 -0.17514682E+01  0.13672056E+00
  0.13800000E+01  0.17471552E-01  0.32755242E+01 -0.17576685E+01  0.13987908E+00
  0.13900000E+01  0.17166191E-01  0.33184700E+01 -0.17653261E+01  0.14301479E+00
  0.14000000E+01  0.16787640E-01  0.33697808E+01 -0.17750103E+01  0.14612803E+00
  0.14100000E+01  0.16300878E-01  0.34341963E+01 -0.17877890E+01  0.14921910E+00
  0.14200000E+01  0.15624340E-01  0.35231311E+01 -0.18061983E+01  0.15228833E+00
  0.14300000E+01  0.14387899E-01  0.36903944E+01 -0.18420026E+01  0.15533603E+00
  0.14400000E+01  0.13463787E-01  0.38411000E+01 -0.18708328E+01  0.15836248E+00
  0.14500000E+01  0.13555482E-01  0.38493937E+01 -0.18678850E+01  0.16136799E+00
  0.14600000E+01  0.13647140E-01  0.38576602E+01 -0.18649584E+01  0.16435285E+00
  0.14700000E+01  0.13738771E-01  0.38658987E+01 -0.18620521E+01  0.16731733E+00
  0.14800000E+01  0.13830385E-01  0.38741078E+01 -0.18591657E+01  0.17026171E+00
  0.14900000E+01  0.13921992E-01  0.38822867E+01 -0.18562986E+01  0.17318626E+00
  0.15000000E+01  0.14013602E-01  0.38904342E+01 -0.18534502E+01  0.17609125E+00
  0.15100000E+01  0.14105226E-01  0.38985492E+01 -0.18506200E+01  0.17897694E+00
  0.15200000E+01  0.14196873E-01  0.39066306E+01 -0.18478073E+01  0.18184358E+00
  0.15300000E+01  0.14288554E-01  0.39146774E+01 -0.18450117E+01  0.18469142E+00
  0.15400000E+01  0.14380280E-01  0.39226884E+01 -0.18422327E+01  0.18752071E+00
  0.15500000E+01  0.14472061E-01  0.39306627E+01 -0.18394696E+01  0.19033169E+00
  0.15600000E+01  0.14563907E-01  0.39385990E+01 -0.18367221E+01  0.19312459E+00
  0.15700000E+01  0.14655829E-01  0.39464965E+01 -0.18339896E+01  0.19589964E+00
  0.15800000E+01  0.14747837E-01  0.39543540E+01 -0.18312717E+01  0.19865708E+00
  0.15900000E+01  0.14839942E-01  0.39621704E+01 -0.18285678E+01  0.20139711E+00
  0.16000000E+01  0.14932155E-01  0.39699449E+01 -0.18258775E+01  0.20411997E+00
  0.16100000E+01  0.15024485E-01  0.39776763E+01 -0.18232004E+01  0.20682587E+00
  0.16200000E+01  0.15116944E-01  0.39853637E+01 -0.18205360E+01  0.20951500E+00
  0.16300000E+01  0.15209541E-01  0.39930061E+01 -0.18178839E+01  0.21218759E+00
  0.16400000E+01  0.15302286E-01  0.40006026E+01 -0.18152437E+01  0.21484384E+00
  0.16500000E+01  0.15395190E-01  0.40081523E+01 -0.18126150E+01  0.21748393E+00
  0.16600000E+01  0.15488262E-01  0.40156542E+01 -0.18099973E+01  0.22010808E+00
  0.16700000E+01  0.15581511E-01  0.40231076E+01 -0.18073904E+01  0.22271646E+00
  0.16800000E+01  0.15674948E-01  0.40305115E+01 -0.18047939E+01  0.22530927E+00
  0.16900000E+01  0.15768582E-01  0.40378652E+01 -0.18022074E+01  0.22788669E+00
  0.17000000E+01  0.15862421E-01  0.40451679E+01 -0.17996305E+01  0.23044891E+00
  0.17100000E+01  0.15956474E-01  0.40524188E+01 -0.17970631E+01  0.23299610E+00
  0.17200000E+01  0.16050750E-01  0.40596174E+01 -0.17945047E+01  0.23552844E+00
  0.17300000E+01  0.16145258E-01  0.40667629E+01 -0.17919550E+01  0.23804609E+00
  0.17400000E+01  0.16240003E-01  0.40738548E+01 -0.17894139E+01  0.24054924E+00
  0.17500000E+01  0.16334995E-01  0.40808924E+01 -0.17868810E+01  0.24303804E+00
  0.17600000E+01  0.16430241E-01  0.40878753E+01 -0.17843561E+01  0.24551266E+00
  0.17700000E+01  0.16525746E-01  0.40948031E+01 -0.17818389E+01  0.24797326E+00
  0.17800000E+01  0.16621517E-01  0.41016753E+01 -0.17793293E+01  0.25041999E+00
  0.17900000E+01  0.16717561E-01  0.41084915E+01 -0.17768271E+01  0.25285302E+00
  0.18000000E+01  0.16813882E-01  0.41152515E+01 -0.17743320E+01  0.25527250E+00
  0.18100000E+01  0.16910486E-01  0.41219551E+01 -0.17718439E+01  0.25767857E+00
  0.18200000E+01  0.17007376E-01  0.41286020E+01 -0.17693627E+01  0.26007138E+00
  0.18300000E+01  0.17104556E-01  0.41351922E+01 -0.17668882E+01  0.26245108E+00
  0.18400000E+01  0.17202030E-01  0.41417256E+01 -0.17644203E+01  0.26481781E+00
  0.18500000E+01  0.17299800E-01  0.41482022E+01 -0.17619589E+01  0.26717172E+00
  0.18600000E+01  0.17397868E-01  0.41546222E+01 -0.17595040E+01  0.26951293E+00
  0.18700000E+01  0.17496235E-01  0.41609856E+01 -0.17570554E+01  0.27184160E+00
  0.18800000E+01  0.17594903E-01  0.41672929E+01 -0.17546131E+01  0.27415784E+00
  0.18900000E+01  0.17693870E-01  0.41735441E+01 -0.17521772E+01  0.27646179E+00
  0.19000000E+01  0.17793136E-01  0.41797399E+01 -0.17497475E+01  0.27875359E+00
  0.19100000E+01  0.17892699E-01  0.41858805E+01 -0.17473241E+01  0.28103336E+00
  0.19200000E+01  0.17992558E-01  0.41919666E+01 -0.17449071E+01  0.28330122E+00
  0.19300000E+01  0.18092708E-01  0.41979988E+01 -0.17424964E+01  0.28555730E+00
  0.19400000E+01  0.18193146E-01  0.42039778E+01 -0.17400922E+01  0.28780172E+00
  0.19500000E+01  0.18293866E-01  0.42099045E+01 -0.17376945E+01  0.29003460E+00
  0.19600000E+01  0.18394863E-01  0.42157797E+01 -0.17353034E+01  0.29225606E+00
  0.19700000E+01  0.18496130E-01  0.42216043E+01 -0.17329191E+01  0.29446622E+00
  0.19800000E+01  0.18597658E-01  0.42273795E+01 -0.17305417E+01  0.29666518E+00
  0.19900000E+01  0.18699441E-01  0.42331065E+01 -0.17281714E+01  0.29885307E+00
  0.20000000E+01  0.18801466E-01  0.42387864E+01 -0.17258083E+01  0.30102999E+00
