  0.99999998E-02  0.81923474E-02  0.31136289E+01 -0.20865916E+01 -0.20000000E+01
  0.20000000E-01  0.82643615E-02  0.31455802E+01 -0.20827907E+01 -0.16989700E+01
  0.29999999E-01  0.83359383E-02  0.31772813E+01 -0.20790455E+01 -0.15228788E+01
  0.39999999E-01  0.84070697E-02  0.32087411E+01 -0.20753553E+01 -0.13979400E+01
  0.49999999E-01  0.84777554E-02  0.32399674E+01 -0.20717191E+01 -0.13010300E+01
  0.59999999E-01  0.85480029E-02  0.32709667E+01 -0.20681353E+01 -0.12218488E+01
  0.69999998E-01  0.86178274E-02  0.33017444E+01 -0.20646022E+01 -0.11549020E+01
  0.79999998E-01  0.86872522E-02  0.33323045E+01 -0.20611176E+01 -0.10969100E+01
  0.89999998E-01  0.87563084E-02  0.33626495E+01 -0.20576790E+01 -0.10457575E+01
  0.99999998E-01  0.88250350E-02  0.33927806E+01 -0.20542836E+01 -0.10000000E+01
  0.11000000E+00  0.88934787E-02  0.34226972E+01 -0.20509283E+01 -0.95860732E+00
  0.12000000E+00  0.89616944E-02  0.34523973E+01 -0.20476099E+01 -0.92081876E+00
  0.13000000E+00  0.90297444E-02  0.34818771E+01 -0.20443245E+01 -0.88605666E+00
  0.14000000E+00  0.90976989E-02  0.35111312E+01 -0.20410684E+01 -0.85387197E+00
  0.15000000E+00  0.91656358E-02  0.35401523E+01 -0.20378374E+01 -0.82390875E+00
  0.16000000E+00  0.92336403E-02  0.35689316E+01 -0.20346270E+01 -0.79588003E+00
  0.17000000E+00  0.93018052E-02  0.35974582E+01 -0.20314328E+01 -0.76955109E+00
  0.18000000E+00  0.93702307E-02  0.36257196E+01 -0.20282497E+01 -0.74472750E+00
  0.19000000E+00  0.94390239E-02  0.36537016E+01 -0.20250729E+01 -0.72124641E+00
  0.20000000E+00  0.95082990E-02  0.36813881E+01 -0.20218972E+01 -0.69897001E+00
  0.21000000E+00  0.95781766E-02  0.37087612E+01 -0.20187172E+01 -0.67778071E+00
  0.22000000E+00  0.96487843E-02  0.37358016E+01 -0.20155274E+01 -0.65757733E+00
  0.22999999E+00  0.97202555E-02  0.37624882E+01 -0.20123223E+01 -0.63827217E+00
  0.23999999E+00  0.97927297E-02  0.37887983E+01 -0.20090962E+01 -0.61978877E+00
  0.24999999E+00  0.98663520E-02  0.38147080E+01 -0.20058434E+01 -0.60206000E+00
  0.25999999E+00  0.99412727E-02  0.38401918E+01 -0.20025580E+01 -0.58502666E+00
  0.26999999E+00  0.10017647E-01  0.38652233E+01 -0.19992343E+01 -0.56863625E+00
  0.27999999E+00  0.10095634E-01  0.38897747E+01 -0.19958664E+01 -0.55284198E+00
  0.28999999E+00  0.10175398E-01  0.39138177E+01 -0.19924486E+01 -0.53760201E+00
  0.29999999E+00  0.10257106E-01  0.39373232E+01 -0.19889752E+01 -0.52287875E+00
  0.30999999E+00  0.10340927E-01  0.39602615E+01 -0.19854405E+01 -0.50863832E+00
  0.31999999E+00  0.10427033E-01  0.39826028E+01 -0.19818392E+01 -0.49485003E+00
  0.32999999E+00  0.10515598E-01  0.40043172E+01 -0.19781660E+01 -0.48148607E+00
  0.33999999E+00  0.10606797E-01  0.40253753E+01 -0.19744157E+01 -0.46852109E+00
  0.34999999E+00  0.10700804E-01  0.40457479E+01 -0.19705836E+01 -0.45593197E+00
  0.35999999E+00  0.10797792E-01  0.40654068E+01 -0.19666650E+01 -0.44369751E+00
  0.36999999E+00  0.10897935E-01  0.40843250E+01 -0.19626558E+01 -0.43179829E+00
  0.37999999E+00  0.11001402E-01  0.41024768E+01 -0.19585520E+01 -0.42021641E+00
  0.38999999E+00  0.11108359E-01  0.41198383E+01 -0.19543501E+01 -0.40893540E+00
  0.39999999E+00  0.11218967E-01  0.41363876E+01 -0.19500471E+01 -0.39794002E+00
  0.40999999E+00  0.11333381E-01  0.41521052E+01 -0.19456405E+01 -0.38721615E+00
  0.41999999E+00  0.11451751E-01  0.41669742E+01 -0.19411281E+01 -0.37675072E+00
  0.42999999E+00  0.11574215E-01  0.41809807E+01 -0.19365085E+01 -0.36653155E+00
  0.43999999E+00  0.11700902E-01  0.41941141E+01 -0.19317807E+01 -0.35654733E+00
  0.44999999E+00  0.11831931E-01  0.42063671E+01 -0.19269444E+01 -0.34678750E+00
  0.45999999E+00  0.11967405E-01  0.42177363E+01 -0.19220000E+01 -0.33724218E+00
  0.46999999E+00  0.12107414E-01  0.42282225E+01 -0.19169486E+01 -0.32790215E+00
  0.47999999E+00  0.12252028E-01  0.42378303E+01 -0.19117920E+01 -0.31875877E+00
  0.48999999E+00  0.12401300E-01  0.42465691E+01 -0.19065328E+01 -0.30980393E+00
  0.49999999E+00  0.12555259E-01  0.42544525E+01 -0.19011743E+01 -0.30103001E+00
  0.50999999E+00  0.12713911E-01  0.42614992E+01 -0.18957208E+01 -0.29242983E+00
  0.51999999E+00  0.12877235E-01  0.42677326E+01 -0.18901774E+01 -0.28399667E+00
  0.52999999E+00  0.13045177E-01  0.42731809E+01 -0.18845500E+01 -0.27572414E+00
  0.53999999E+00  0.13217651E-01  0.42778777E+01 -0.18788457E+01 -0.26760625E+00
  0.54999999E+00  0.13394535E-01  0.42818617E+01 -0.18730724E+01 -0.25963732E+00
  0.55999999E+00  0.13575663E-01  0.42851767E+01 -0.18672390E+01 -0.25181198E+00
  0.56999999E+00  0.13760824E-01  0.42878721E+01 -0.18613555E+01 -0.24412515E+00
  0.57999999E+00  0.13949758E-01  0.42900028E+01 -0.18554333E+01 -0.23657202E+00
  0.58999999E+00  0.14142145E-01  0.42916292E+01 -0.18494847E+01 -0.22914800E+00
  0.59999999E+00  0.14337604E-01  0.42928179E+01 -0.18435234E+01 -0.22184876E+00
  0.60999999E+00  0.14535686E-01  0.42936416E+01 -0.18375645E+01 -0.21467017E+00
  0.61999999E+00  0.14735861E-01  0.42941794E+01 -0.18316245E+01 -0.20760832E+00
  0.62999999E+00  0.14937513E-01  0.42945177E+01 -0.18257217E+01 -0.20065946E+00
  0.63999999E+00  0.15139929E-01  0.42947507E+01 -0.18198762E+01 -0.19382004E+00
  0.64999999E+00  0.15342283E-01  0.42949812E+01 -0.18141100E+01 -0.18708665E+00
  0.65999999E+00  0.15543626E-01  0.42953220E+01 -0.18084477E+01 -0.18045607E+00
  0.66999999E+00  0.15742863E-01  0.42958974E+01 -0.18029163E+01 -0.17392521E+00
  0.67999998E+00  0.15938735E-01  0.42968453E+01 -0.17975462E+01 -0.16749110E+00
  0.68999998E+00  0.16129788E-01  0.42983200E+01 -0.17923713E+01 -0.16115092E+00
  0.69999998E+00  0.16314345E-01  0.43004961E+01 -0.17874304E+01 -0.15490197E+00
  0.70999998E+00  0.16490456E-01  0.43035736E+01 -0.17827673E+01 -0.14874166E+00
  0.71999998E+00  0.16655846E-01  0.43077847E+01 -0.17784333E+01 -0.14266751E+00
  0.72999998E+00  0.16807839E-01  0.43134038E+01 -0.17744881E+01 -0.13667715E+00
  0.73999998E+00  0.16943254E-01  0.43207616E+01 -0.17710032E+01 -0.13076829E+00
  0.74999998E+00  0.17058263E-01  0.43302653E+01 -0.17680652E+01 -0.12493875E+00
  0.75999998E+00  0.17148175E-01  0.43424297E+01 -0.17657821E+01 -0.11918642E+00
  0.76999998E+00  0.17207118E-01  0.43579260E+01 -0.17642919E+01 -0.11350928E+00
  0.77999998E+00  0.17227516E-01  0.43776622E+01 -0.17637773E+01 -0.10790541E+00
  0.78999998E+00  0.17199208E-01  0.44029251E+01 -0.17644915E+01 -0.10237292E+00
  0.79999998E+00  0.17107792E-01  0.44356508E+01 -0.17668060E+01 -0.96910023E-01
  0.80999998E+00  0.16931163E-01  0.44790076E+01 -0.17713132E+01 -0.91514991E-01
  0.81999998E+00  0.16630895E-01  0.45388785E+01 -0.17790844E+01 -0.86186157E-01
  0.82999998E+00  0.16123465E-01  0.46289271E+01 -0.17925416E+01 -0.80921917E-01
  0.83999998E+00  0.15082049E-01  0.48063492E+01 -0.18215396E+01 -0.75720724E-01
  0.84999998E+00  0.14031111E-01  0.50118154E+01 -0.18529079E+01 -0.70581084E-01
  0.85999998E+00  0.14143411E-01  0.50178408E+01 -0.18494458E+01 -0.65501558E-01
  0.86999998E+00  0.14254920E-01  0.50238831E+01 -0.18460352E+01 -0.60480757E-01
  0.87999998E+00  0.14365655E-01  0.50299396E+01 -0.18426746E+01 -0.55517338E-01
  0.88999998E+00  0.14475634E-01  0.50360074E+01 -0.18393624E+01 -0.50610003E-01
  0.89999998E+00  0.14584878E-01  0.50420831E+01 -0.18360972E+01 -0.45757500E-01
  0.90999998E+00  0.14693409E-01  0.50481637E+01 -0.18328774E+01 -0.40958617E-01
  0.91999998E+00  0.14801251E-01  0.50542458E+01 -0.18297016E+01 -0.36212182E-01
  0.92999998E+00  0.14908429E-01  0.50603257E+01 -0.18265681E+01 -0.31517061E-01
  0.93999998E+00  0.15014970E-01  0.50663998E+01 -0.18234755E+01 -0.26872156E-01
  0.94999998E+00  0.15120903E-01  0.50724642E+01 -0.18204223E+01 -0.22276404E-01
  0.95999998E+00  0.15226258E-01  0.50785152E+01 -0.18174068E+01 -0.17728777E-01
  0.96999998E+00  0.15331066E-01  0.50845485E+01 -0.18144276E+01 -0.13228275E-01
  0.97999998E+00  0.15435360E-01  0.50905601E+01 -0.18114832E+01 -0.87739340E-02
  0.98999998E+00  0.15539176E-01  0.50965456E+01 -0.18085720E+01 -0.43648151E-02
  0.99999998E+00  0.15642547E-01  0.51025008E+01 -0.18056925E+01 -0.97072382E-08
  0.10100000E+01  0.15745513E-01  0.51084211E+01 -0.18028432E+01  0.43213641E-02
  0.10200000E+01  0.15848110E-01  0.51143020E+01 -0.18000225E+01  0.86001621E-02
  0.10300000E+01  0.15950379E-01  0.51201390E+01 -0.17972290E+01  0.12837215E-01
  0.10400000E+01  0.16052360E-01  0.51259274E+01 -0.17944611E+01  0.17033330E-01
  0.10500000E+01  0.16154094E-01  0.51316624E+01 -0.17917174E+01  0.21189289E-01
  0.10600000E+01  0.16255625E-01  0.51373393E+01 -0.17889963E+01  0.25305856E-01
  0.10700000E+01  0.16356995E-01  0.51429533E+01 -0.17862965E+01  0.29383768E-01
  0.10800000E+01  0.16458250E-01  0.51484997E+01 -0.17836163E+01  0.33423746E-01
  0.10900000E+01  0.16559434E-01  0.51539735E+01 -0.17809545E+01  0.37426488E-01
  0.11000000E+01  0.16660592E-01  0.51593700E+01 -0.17783096E+01  0.41392675E-01
  0.11100000E+01  0.16761772E-01  0.51646844E+01 -0.17756801E+01  0.45322969E-01
  0.11200000E+01  0.16863019E-01  0.51699119E+01 -0.17730647E+01  0.49218013E-01
  0.11300000E+01  0.16964381E-01  0.51750479E+01 -0.17704620E+01  0.53078434E-01
  0.11400000E+01  0.17065906E-01  0.51800877E+01 -0.17678707E+01  0.56904842E-01
  0.11500000E+01  0.17167639E-01  0.51850266E+01 -0.17652894E+01  0.60697831E-01
  0.11600000E+01  0.17269630E-01  0.51898602E+01 -0.17627170E+01  0.64457980E-01
  0.11700000E+01  0.17371926E-01  0.51945842E+01 -0.17601520E+01  0.68185852E-01
  0.11800000E+01  0.17474573E-01  0.51991942E+01 -0.17575934E+01  0.71881998E-01
  0.11900000E+01  0.17577618E-01  0.52036861E+01 -0.17550400E+01  0.75546952E-01
  0.12000000E+01  0.17681109E-01  0.52080559E+01 -0.17524905E+01  0.79181236E-01
  0.12100000E+01  0.17785090E-01  0.52122999E+01 -0.17499439E+01  0.82785361E-01
  0.12200000E+01  0.17889608E-01  0.52164144E+01 -0.17473992E+01  0.86359821E-01
  0.12300000E+01  0.17994706E-01  0.52203959E+01 -0.17448552E+01  0.89905102E-01
  0.12400000E+01  0.18100429E-01  0.52242413E+01 -0.17423111E+01  0.93421675E-01
  0.12500000E+01  0.18206817E-01  0.52279477E+01 -0.17397660E+01  0.96910003E-01
  0.12600000E+01  0.18313912E-01  0.52315122E+01 -0.17372189E+01  0.10037054E+00
  0.12700000E+01  0.18421755E-01  0.52349324E+01 -0.17346690E+01  0.10380371E+00
  0.12800000E+01  0.18530382E-01  0.52382061E+01 -0.17321156E+01  0.10720996E+00
  0.12900000E+01  0.18639831E-01  0.52413315E+01 -0.17295580E+01  0.11058970E+00
  0.13000000E+01  0.18750135E-01  0.52443070E+01 -0.17269956E+01  0.11394334E+00
  0.13100000E+01  0.18861327E-01  0.52471313E+01 -0.17244277E+01  0.11727129E+00
  0.13200000E+01  0.18973438E-01  0.52498035E+01 -0.17218540E+01  0.12057392E+00
  0.13300000E+01  0.19086496E-01  0.52523232E+01 -0.17192738E+01  0.12385163E+00
  0.13400000E+01  0.19200525E-01  0.52546900E+01 -0.17166869E+01  0.12710479E+00
  0.13500000E+01  0.19315550E-01  0.52569042E+01 -0.17140929E+01  0.13033376E+00
  0.13600000E+01  0.19431588E-01  0.52589664E+01 -0.17114917E+01  0.13353890E+00
  0.13700000E+01  0.19548659E-01  0.52608775E+01 -0.17088830E+01  0.13672056E+00
  0.13800000E+01  0.19666774E-01  0.52626390E+01 -0.17062669E+01  0.13987908E+00
  0.13900000E+01  0.19785946E-01  0.52642526E+01 -0.17036432E+01  0.14301479E+00
  0.14000000E+01  0.19906180E-01  0.52657206E+01 -0.17010121E+01  0.14612803E+00
  0.14100000E+01  0.20027479E-01  0.52670457E+01 -0.16983737E+01  0.14921910E+00
  0.14200000E+01  0.20149844E-01  0.52682309E+01 -0.16957283E+01  0.15228833E+00
  0.14300000E+01  0.20273269E-01  0.52692798E+01 -0.16930762E+01  0.15533603E+00
  0.14400000E+01  0.20397744E-01  0.52701965E+01 -0.16904179E+01  0.15836248E+00
  0.14500000E+01  0.20523258E-01  0.52709854E+01 -0.16877537E+01  0.16136799E+00
  0.14600000E+01  0.20649790E-01  0.52716515E+01 -0.16850844E+01  0.16435285E+00
  0.14700000E+01  0.20777319E-01  0.52722000E+01 -0.16824105E+01  0.16731733E+00
  0.14800000E+01  0.20905817E-01  0.52726370E+01 -0.16797329E+01  0.17026171E+00
  0.14900000E+01  0.21035249E-01  0.52729687E+01 -0.16770523E+01  0.17318626E+00
  0.15000000E+01  0.21165579E-01  0.52732020E+01 -0.16743699E+01  0.17609125E+00
  0.15100000E+01  0.21296760E-01  0.52733440E+01 -0.16716865E+01  0.17897694E+00
  0.15200000E+01  0.21428745E-01  0.52734026E+01 -0.16690033E+01  0.18184358E+00
  0.15300000E+01  0.21561475E-01  0.52733860E+01 -0.16663215E+01  0.18469142E+00
  0.15400000E+01  0.21694890E-01  0.52733030E+01 -0.16636425E+01  0.18752071E+00
  0.15500000E+01  0.21828920E-01  0.52731626E+01 -0.16609678E+01  0.19033169E+00
  0.15600000E+01  0.21963490E-01  0.52729747E+01 -0.16582987E+01  0.19312459E+00
  0.15700000E+01  0.22098516E-01  0.52727494E+01 -0.16556369E+01  0.19589964E+00
  0.15800000E+01  0.22233911E-01  0.52724974E+01 -0.16529841E+01  0.19865708E+00
  0.15900000E+01  0.22369575E-01  0.52722299E+01 -0.16503423E+01  0.20139711E+00
  0.16000000E+01  0.22505404E-01  0.52719586E+01 -0.16477132E+01  0.20411997E+00
  0.16100000E+01  0.22641284E-01  0.52716959E+01 -0.16450990E+01  0.20682587E+00
  0.16200000E+01  0.22777093E-01  0.52714544E+01 -0.16425017E+01  0.20951500E+00
  0.16300000E+01  0.22912700E-01  0.52712478E+01 -0.16399237E+01  0.21218759E+00
  0.16400000E+01  0.23047965E-01  0.52710899E+01 -0.16373674E+01  0.21484384E+00
  0.16500000E+01  0.23182738E-01  0.52709954E+01 -0.16348353E+01  0.21748393E+00
  0.16600000E+01  0.23316857E-01  0.52709796E+01 -0.16323300E+01  0.22010808E+00
  0.16700000E+01  0.23450151E-01  0.52710587E+01 -0.16298544E+01  0.22271646E+00
  0.16800000E+01  0.23582436E-01  0.52712494E+01 -0.16274113E+01  0.22530927E+00
  0.16900000E+01  0.23713516E-01  0.52715694E+01 -0.16250041E+01  0.22788669E+00
  0.17000000E+01  0.23843181E-01  0.52720374E+01 -0.16226358E+01  0.23044891E+00
  0.17100000E+01  0.23971209E-01  0.52726728E+01 -0.16203101E+01  0.23299610E+00
  0.17200000E+01  0.24097359E-01  0.52734965E+01 -0.16180306E+01  0.23552844E+00
  0.17300000E+01  0.24221375E-01  0.52745303E+01 -0.16158012E+01  0.23804609E+00
  0.17400000E+01  0.24342983E-01  0.52757977E+01 -0.16136262E+01  0.24054924E+00
  0.17500000E+01  0.24461887E-01  0.52773235E+01 -0.16115100E+01  0.24303804E+00
  0.17600000E+01  0.24577772E-01  0.52791345E+01 -0.16094575E+01  0.24551266E+00
  0.17700000E+01  0.24690296E-01  0.52812593E+01 -0.16074737E+01  0.24797326E+00
  0.17800000E+01  0.24799091E-01  0.52837290E+01 -0.16055642E+01  0.25041999E+00
  0.17900000E+01  0.24903756E-01  0.52865772E+01 -0.16037351E+01  0.25285302E+00
  0.18000000E+01  0.25003860E-01  0.52898406E+01 -0.16019929E+01  0.25527250E+00
  0.18100000E+01  0.25098929E-01  0.52935596E+01 -0.16003448E+01  0.25767857E+00
  0.18200000E+01  0.25188448E-01  0.52977785E+01 -0.15987986E+01  0.26007138E+00
  0.18300000E+01  0.25271850E-01  0.53025467E+01 -0.15973630E+01  0.26245108E+00
  0.18400000E+01  0.25348510E-01  0.53079192E+01 -0.15960476E+01  0.26481781E+00
  0.18500000E+01  0.25417734E-01  0.53139580E+01 -0.15948632E+01  0.26717172E+00
  0.18600000E+01  0.25478751E-01  0.53207331E+01 -0.15938219E+01  0.26951293E+00
  0.18700000E+01  0.25530698E-01  0.53283243E+01 -0.15929373E+01  0.27184160E+00
  0.18800000E+01  0.25572599E-01  0.53368236E+01 -0.15922251E+01  0.27415784E+00
  0.18900000E+01  0.25603348E-01  0.53463371E+01 -0.15917032E+01  0.27646179E+00
  0.19000000E+01  0.25621682E-01  0.53569894E+01 -0.15913924E+01  0.27875359E+00
  0.19100000E+01  0.25626142E-01  0.53689274E+01 -0.15913168E+01  0.28103336E+00
  0.19200000E+01  0.25615031E-01  0.53823263E+01 -0.15915051E+01  0.28330122E+00
  0.19300000E+01  0.25586353E-01  0.53973982E+01 -0.15919916E+01  0.28555730E+00
  0.19400000E+01  0.25537730E-01  0.54144023E+01 -0.15928177E+01  0.28780172E+00
  0.19500000E+01  0.25466291E-01  0.54336616E+01 -0.15940343E+01  0.29003460E+00
  0.19600000E+01  0.25368513E-01  0.54555849E+01 -0.15957050E+01  0.29225606E+00
  0.19700000E+01  0.25239980E-01  0.54807012E+01 -0.15979110E+01  0.29446622E+00
  0.19800000E+01  0.25075024E-01  0.55097137E+01 -0.16007586E+01  0.29666518E+00
  0.19900000E+01  0.24866139E-01  0.55435869E+01 -0.16043916E+01  0.29885307E+00
  0.20000000E+01  0.24602978E-01  0.55837014E+01 -0.16090123E+01  0.30102999E+00
