  0.99999998E-02  0.82179541E-02  0.31140071E+01 -0.20852363E+01 -0.20000000E+01
  0.20000000E-01  0.83160548E-02  0.31460238E+01 -0.20800827E+01 -0.16989700E+01
  0.29999999E-01  0.84141475E-02  0.31774885E+01 -0.20749899E+01 -0.15228788E+01
  0.39999999E-01  0.85121673E-02  0.32084215E+01 -0.20699598E+01 -0.13979400E+01
  0.49999999E-01  0.86100505E-02  0.32388433E+01 -0.20649943E+01 -0.13010300E+01
  0.59999999E-01  0.87077353E-02  0.32687740E+01 -0.20600948E+01 -0.12218488E+01
  0.69999998E-01  0.88051617E-02  0.32982334E+01 -0.20552627E+01 -0.11549020E+01
  0.79999998E-01  0.89022719E-02  0.33272409E+01 -0.20504991E+01 -0.10969100E+01
  0.89999998E-01  0.89990102E-02  0.33558155E+01 -0.20458053E+01 -0.10457575E+01
  0.99999998E-01  0.90953237E-02  0.33839758E+01 -0.20411818E+01 -0.10000000E+01
  0.11000000E+00  0.91911619E-02  0.34117397E+01 -0.20366296E+01 -0.95860732E+00
  0.12000000E+00  0.92864770E-02  0.34391246E+01 -0.20321490E+01 -0.92081876E+00
  0.13000000E+00  0.93812247E-02  0.34661475E+01 -0.20277405E+01 -0.88605666E+00
  0.14000000E+00  0.94753634E-02  0.34928244E+01 -0.20234041E+01 -0.85387197E+00
  0.15000000E+00  0.95688551E-02  0.35191708E+01 -0.20191400E+01 -0.82390875E+00
  0.16000000E+00  0.96616653E-02  0.35452015E+01 -0.20149480E+01 -0.79588003E+00
  0.17000000E+00  0.97537633E-02  0.35709305E+01 -0.20108278E+01 -0.76955109E+00
  0.18000000E+00  0.98451220E-02  0.35963711E+01 -0.20067789E+01 -0.74472750E+00
  0.19000000E+00  0.99357184E-02  0.36215355E+01 -0.20028007E+01 -0.72124641E+00
  0.20000000E+00  0.10025534E-01  0.36464354E+01 -0.19988925E+01 -0.69897001E+00
  0.21000000E+00  0.10114553E-01  0.36710815E+01 -0.19950533E+01 -0.67778071E+00
  0.22000000E+00  0.10202767E-01  0.36954836E+01 -0.19912820E+01 -0.65757733E+00
  0.22999999E+00  0.10290169E-01  0.37196506E+01 -0.19875775E+01 -0.63827217E+00
  0.23999999E+00  0.10376759E-01  0.37435906E+01 -0.19839383E+01 -0.61978877E+00
  0.24999999E+00  0.10462538E-01  0.37673105E+01 -0.19803629E+01 -0.60206000E+00
  0.25999999E+00  0.10547517E-01  0.37908165E+01 -0.19768498E+01 -0.58502666E+00
  0.26999999E+00  0.10631708E-01  0.38141137E+01 -0.19733970E+01 -0.56863625E+00
  0.27999999E+00  0.10715129E-01  0.38372062E+01 -0.19700026E+01 -0.55284198E+00
  0.28999999E+00  0.10797802E-01  0.38600972E+01 -0.19666647E+01 -0.53760201E+00
  0.29999999E+00  0.10879755E-01  0.38827888E+01 -0.19633809E+01 -0.52287875E+00
  0.30999999E+00  0.10961020E-01  0.39052822E+01 -0.19601490E+01 -0.50863832E+00
  0.31999999E+00  0.11041635E-01  0.39275776E+01 -0.19569666E+01 -0.49485003E+00
  0.32999999E+00  0.11121641E-01  0.39496742E+01 -0.19538311E+01 -0.48148607E+00
  0.33999999E+00  0.11201086E-01  0.39715700E+01 -0.19507399E+01 -0.46852109E+00
  0.34999999E+00  0.11280019E-01  0.39932625E+01 -0.19476902E+01 -0.45593197E+00
  0.35999999E+00  0.11358497E-01  0.40147478E+01 -0.19446791E+01 -0.44369751E+00
  0.36999999E+00  0.11436578E-01  0.40360213E+01 -0.19417039E+01 -0.43179829E+00
  0.37999999E+00  0.11514327E-01  0.40570775E+01 -0.19387614E+01 -0.42021641E+00
  0.38999999E+00  0.11591811E-01  0.40779101E+01 -0.19358487E+01 -0.40893540E+00
  0.39999999E+00  0.11669101E-01  0.40985119E+01 -0.19329626E+01 -0.39794002E+00
  0.40999999E+00  0.11746270E-01  0.41188749E+01 -0.19301000E+01 -0.38721615E+00
  0.41999999E+00  0.11823395E-01  0.41389907E+01 -0.19272578E+01 -0.37675072E+00
  0.42999999E+00  0.11900555E-01  0.41588502E+01 -0.19244328E+01 -0.36653155E+00
  0.43999999E+00  0.11977831E-01  0.41784435E+01 -0.19216218E+01 -0.35654733E+00
  0.44999999E+00  0.12055304E-01  0.41977607E+01 -0.19188218E+01 -0.34678750E+00
  0.45999999E+00  0.12133059E-01  0.42167915E+01 -0.19160297E+01 -0.33724218E+00
  0.46999999E+00  0.12211176E-01  0.42355253E+01 -0.19132425E+01 -0.32790215E+00
  0.47999999E+00  0.12289739E-01  0.42539515E+01 -0.19104573E+01 -0.31875877E+00
  0.48999999E+00  0.12368829E-01  0.42720597E+01 -0.19076714E+01 -0.30980393E+00
  0.49999999E+00  0.12448523E-01  0.42898399E+01 -0.19048822E+01 -0.30103001E+00
  0.50999999E+00  0.12528896E-01  0.43072823E+01 -0.19020872E+01 -0.29242983E+00
  0.51999999E+00  0.12610018E-01  0.43243780E+01 -0.18992843E+01 -0.28399667E+00
  0.52999999E+00  0.12691955E-01  0.43411190E+01 -0.18964715E+01 -0.27572414E+00
  0.53999999E+00  0.12774763E-01  0.43574983E+01 -0.18936471E+01 -0.26760625E+00
  0.54999999E+00  0.12858492E-01  0.43735103E+01 -0.18908100E+01 -0.25963732E+00
  0.55999999E+00  0.12943179E-01  0.43891514E+01 -0.18879590E+01 -0.25181198E+00
  0.56999999E+00  0.13028852E-01  0.44044197E+01 -0.18850939E+01 -0.24412515E+00
  0.57999999E+00  0.13115521E-01  0.44193156E+01 -0.18822144E+01 -0.23657202E+00
  0.58999999E+00  0.13203184E-01  0.44338425E+01 -0.18793213E+01 -0.22914800E+00
  0.59999999E+00  0.13291815E-01  0.44480066E+01 -0.18764157E+01 -0.22184876E+00
  0.60999999E+00  0.13381369E-01  0.44618179E+01 -0.18734995E+01 -0.21467017E+00
  0.61999999E+00  0.13471773E-01  0.44752903E+01 -0.18705752E+01 -0.20760832E+00
  0.62999999E+00  0.13562927E-01  0.44884426E+01 -0.18676466E+01 -0.20065946E+00
  0.63999999E+00  0.13654695E-01  0.45012985E+01 -0.18647180E+01 -0.19382004E+00
  0.64999999E+00  0.13746900E-01  0.45138880E+01 -0.18617952E+01 -0.18708665E+00
  0.65999999E+00  0.13839323E-01  0.45262482E+01 -0.18588851E+01 -0.18045607E+00
  0.66999999E+00  0.13931689E-01  0.45384238E+01 -0.18559962E+01 -0.17392521E+00
  0.67999998E+00  0.14023662E-01  0.45504691E+01 -0.18531386E+01 -0.16749110E+00
  0.68999998E+00  0.14114831E-01  0.45624493E+01 -0.18503243E+01 -0.16115092E+00
  0.69999998E+00  0.14204700E-01  0.45744424E+01 -0.18475679E+01 -0.15490197E+00
  0.70999998E+00  0.14292667E-01  0.45865421E+01 -0.18448867E+01 -0.14874166E+00
  0.71999998E+00  0.14378004E-01  0.45988614E+01 -0.18423014E+01 -0.14266751E+00
  0.72999998E+00  0.14459826E-01  0.46115367E+01 -0.18398369E+01 -0.13667715E+00
  0.73999998E+00  0.14537051E-01  0.46247352E+01 -0.18375237E+01 -0.13076829E+00
  0.74999998E+00  0.14608342E-01  0.46386638E+01 -0.18353991E+01 -0.12493875E+00
  0.75999998E+00  0.14672026E-01  0.46535832E+01 -0.18335099E+01 -0.11918642E+00
  0.76999998E+00  0.14725967E-01  0.46698299E+01 -0.18319162E+01 -0.11350928E+00
  0.77999998E+00  0.14767367E-01  0.46878509E+01 -0.18306969E+01 -0.10790541E+00
  0.78999998E+00  0.14792423E-01  0.47082652E+01 -0.18299607E+01 -0.10237292E+00
  0.79999998E+00  0.14795687E-01  0.47319791E+01 -0.18298649E+01 -0.96910023E-01
  0.80999998E+00  0.14768733E-01  0.47604293E+01 -0.18306568E+01 -0.91514991E-01
  0.81999998E+00  0.14696831E-01  0.47961953E+01 -0.18327763E+01 -0.86186157E-01
  0.82999998E+00  0.14547836E-01  0.48450602E+01 -0.18372016E+01 -0.80921917E-01
  0.83999998E+00  0.14195491E-01  0.49303401E+01 -0.18478496E+01 -0.75720724E-01
  0.84999998E+00  0.13845355E-01  0.50195179E+01 -0.18586959E+01 -0.70581084E-01
  0.85999998E+00  0.13947605E-01  0.50259868E+01 -0.18555004E+01 -0.65501558E-01
  0.86999998E+00  0.14049227E-01  0.50324518E+01 -0.18523476E+01 -0.60480757E-01
  0.87999998E+00  0.14150254E-01  0.50389089E+01 -0.18492358E+01 -0.55517338E-01
  0.88999998E+00  0.14250718E-01  0.50453542E+01 -0.18461632E+01 -0.50610003E-01
  0.89999998E+00  0.14350653E-01  0.50517835E+01 -0.18431283E+01 -0.45757500E-01
  0.90999998E+00  0.14450095E-01  0.50581926E+01 -0.18401293E+01 -0.40958617E-01
  0.91999998E+00  0.14549080E-01  0.50645770E+01 -0.18371645E+01 -0.36212182E-01
  0.92999998E+00  0.14647646E-01  0.50709323E+01 -0.18342322E+01 -0.31517061E-01
  0.93999998E+00  0.14745834E-01  0.50772538E+01 -0.18313307E+01 -0.26872156E-01
  0.94999998E+00  0.14843683E-01  0.50835369E+01 -0.18284583E+01 -0.22276404E-01
  0.95999998E+00  0.14941235E-01  0.50897766E+01 -0.18256135E+01 -0.17728777E-01
  0.96999998E+00  0.15038533E-01  0.50959682E+01 -0.18227945E+01 -0.13228275E-01
  0.97999998E+00  0.15135620E-01  0.51021067E+01 -0.18199998E+01 -0.87739340E-02
  0.98999998E+00  0.15232540E-01  0.51081871E+01 -0.18172277E+01 -0.43648151E-02
  0.99999998E+00  0.15329338E-01  0.51142045E+01 -0.18144766E+01 -0.97072382E-08
  0.10100000E+01  0.15426060E-01  0.51201537E+01 -0.18117450E+01  0.43213641E-02
  0.10200000E+01  0.15522752E-01  0.51260300E+01 -0.18090313E+01  0.86001621E-02
  0.10300000E+01  0.15619459E-01  0.51318281E+01 -0.18063340E+01  0.12837215E-01
  0.10400000E+01  0.15716229E-01  0.51375432E+01 -0.18036517E+01  0.17033330E-01
  0.10500000E+01  0.15813108E-01  0.51431705E+01 -0.18009828E+01  0.21189289E-01
  0.10600000E+01  0.15910142E-01  0.51487051E+01 -0.17983260E+01  0.25305856E-01
  0.10700000E+01  0.16007377E-01  0.51541422E+01 -0.17956798E+01  0.29383768E-01
  0.10800000E+01  0.16104861E-01  0.51594774E+01 -0.17930430E+01  0.33423746E-01
  0.10900000E+01  0.16202638E-01  0.51647061E+01 -0.17904143E+01  0.37426488E-01
  0.11000000E+01  0.16300753E-01  0.51698240E+01 -0.17877923E+01  0.41392675E-01
  0.11100000E+01  0.16399251E-01  0.51748272E+01 -0.17851760E+01  0.45322969E-01
  0.11200000E+01  0.16498174E-01  0.51797116E+01 -0.17825641E+01  0.49218013E-01
  0.11300000E+01  0.16597564E-01  0.51844735E+01 -0.17799556E+01  0.53078434E-01
  0.11400000E+01  0.16697463E-01  0.51891096E+01 -0.17773495E+01  0.56904842E-01
  0.11500000E+01  0.16797908E-01  0.51936168E+01 -0.17747448E+01  0.60697831E-01
  0.11600000E+01  0.16898938E-01  0.51979921E+01 -0.17721406E+01  0.64457980E-01
  0.11700000E+01  0.17000588E-01  0.52022330E+01 -0.17695361E+01  0.68185852E-01
  0.11800000E+01  0.17102891E-01  0.52063373E+01 -0.17669305E+01  0.71881998E-01
  0.11900000E+01  0.17205878E-01  0.52103033E+01 -0.17643232E+01  0.75546952E-01
  0.12000000E+01  0.17309578E-01  0.52141295E+01 -0.17617135E+01  0.79181236E-01
  0.12100000E+01  0.17414016E-01  0.52178149E+01 -0.17591011E+01  0.82785361E-01
  0.12200000E+01  0.17519215E-01  0.52213589E+01 -0.17564854E+01  0.86359821E-01
  0.12300000E+01  0.17625194E-01  0.52247613E+01 -0.17538661E+01  0.89905102E-01
  0.12400000E+01  0.17731969E-01  0.52280226E+01 -0.17512430E+01  0.93421675E-01
  0.12500000E+01  0.17839553E-01  0.52311436E+01 -0.17486160E+01  0.96910003E-01
  0.12600000E+01  0.17947953E-01  0.52341256E+01 -0.17459851E+01  0.10037054E+00
  0.12700000E+01  0.18057174E-01  0.52369705E+01 -0.17433502E+01  0.10380371E+00
  0.12800000E+01  0.18167215E-01  0.52396809E+01 -0.17407116E+01  0.10720996E+00
  0.12900000E+01  0.18278072E-01  0.52422597E+01 -0.17380696E+01  0.11058970E+00
  0.13000000E+01  0.18389733E-01  0.52447105E+01 -0.17354246E+01  0.11394334E+00
  0.13100000E+01  0.18502184E-01  0.52470377E+01 -0.17327770E+01  0.11727129E+00
  0.13200000E+01  0.18615403E-01  0.52492459E+01 -0.17301276E+01  0.12057392E+00
  0.13300000E+01  0.18729365E-01  0.52513407E+01 -0.17274770E+01  0.12385163E+00
  0.13400000E+01  0.18844036E-01  0.52533283E+01 -0.17248261E+01  0.12710479E+00
  0.13500000E+01  0.18959377E-01  0.52552152E+01 -0.17221759E+01  0.13033376E+00
  0.13600000E+01  0.19075343E-01  0.52570091E+01 -0.17195276E+01  0.13353890E+00
  0.13700000E+01  0.19191881E-01  0.52587180E+01 -0.17168824E+01  0.13672056E+00
  0.13800000E+01  0.19308933E-01  0.52603506E+01 -0.17142417E+01  0.13987908E+00
  0.13900000E+01  0.19426430E-01  0.52619165E+01 -0.17116070E+01  0.14301479E+00
  0.14000000E+01  0.19544298E-01  0.52634259E+01 -0.17089799E+01  0.14612803E+00
  0.14100000E+01  0.19662456E-01  0.52648895E+01 -0.17063622E+01  0.14921910E+00
  0.14200000E+01  0.19780812E-01  0.52663191E+01 -0.17037559E+01  0.15228833E+00
  0.14300000E+01  0.19899268E-01  0.52677268E+01 -0.17011629E+01  0.15533603E+00
  0.14400000E+01  0.20017716E-01  0.52691259E+01 -0.16985855E+01  0.15836248E+00
  0.14500000E+01  0.20136040E-01  0.52705299E+01 -0.16960259E+01  0.16136799E+00
  0.14600000E+01  0.20254114E-01  0.52719535E+01 -0.16934868E+01  0.16435285E+00
  0.14700000E+01  0.20371804E-01  0.52734118E+01 -0.16909705E+01  0.16731733E+00
  0.14800000E+01  0.20488966E-01  0.52749208E+01 -0.16884800E+01  0.17026171E+00
  0.14900000E+01  0.20605445E-01  0.52764973E+01 -0.16860180E+01  0.17318626E+00
  0.15000000E+01  0.20721080E-01  0.52781588E+01 -0.16835876E+01  0.17609125E+00
  0.15100000E+01  0.20835696E-01  0.52799236E+01 -0.16811920E+01  0.17897694E+00
  0.15200000E+01  0.20949109E-01  0.52818108E+01 -0.16788344E+01  0.18184358E+00
  0.15300000E+01  0.21061127E-01  0.52838401E+01 -0.16765184E+01  0.18469142E+00
  0.15400000E+01  0.21171545E-01  0.52860323E+01 -0.16742475E+01  0.18752071E+00
  0.15500000E+01  0.21280149E-01  0.52884090E+01 -0.16720253E+01  0.19033169E+00
  0.15600000E+01  0.21386715E-01  0.52909925E+01 -0.16698559E+01  0.19312459E+00
  0.15700000E+01  0.21491009E-01  0.52938060E+01 -0.16677432E+01  0.19589964E+00
  0.15800000E+01  0.21592784E-01  0.52968737E+01 -0.16656914E+01  0.19865708E+00
  0.15900000E+01  0.21691787E-01  0.53002206E+01 -0.16637047E+01  0.20139711E+00
  0.16000000E+01  0.21787753E-01  0.53038729E+01 -0.16617876E+01  0.20411997E+00
  0.16100000E+01  0.21880406E-01  0.53078576E+01 -0.16599446E+01  0.20682587E+00
  0.16200000E+01  0.21969461E-01  0.53122028E+01 -0.16581806E+01  0.20951500E+00
  0.16300000E+01  0.22054626E-01  0.53169377E+01 -0.16565003E+01  0.21218759E+00
  0.16400000E+01  0.22135596E-01  0.53220926E+01 -0.16549088E+01  0.21484384E+00
  0.16500000E+01  0.22212061E-01  0.53276990E+01 -0.16534111E+01  0.21748393E+00
  0.16600000E+01  0.22283701E-01  0.53337898E+01 -0.16520127E+01  0.22010808E+00
  0.16700000E+01  0.22350188E-01  0.53403991E+01 -0.16507188E+01  0.22271646E+00
  0.16800000E+01  0.22411188E-01  0.53475624E+01 -0.16495351E+01  0.22530927E+00
  0.16900000E+01  0.22466361E-01  0.53553167E+01 -0.16484673E+01  0.22788669E+00
  0.17000000E+01  0.22515360E-01  0.53637008E+01 -0.16475211E+01  0.23044891E+00
  0.17100000E+01  0.22557834E-01  0.53727548E+01 -0.16467026E+01  0.23299610E+00
  0.17200000E+01  0.22593429E-01  0.53825207E+01 -0.16460179E+01  0.23552844E+00
  0.17300000E+01  0.22621787E-01  0.53930425E+01 -0.16454731E+01  0.23804609E+00
  0.17400000E+01  0.22642551E-01  0.54043662E+01 -0.16450746E+01  0.24054924E+00
  0.17500000E+01  0.22655361E-01  0.54165396E+01 -0.16448290E+01  0.24303804E+00
  0.17600000E+01  0.22659862E-01  0.54296131E+01 -0.16447427E+01  0.24551266E+00
  0.17700000E+01  0.22655699E-01  0.54436393E+01 -0.16448225E+01  0.24797326E+00
  0.17800000E+01  0.22642525E-01  0.54586733E+01 -0.16450751E+01  0.25041999E+00
  0.17900000E+01  0.22619998E-01  0.54747727E+01 -0.16455074E+01  0.25285302E+00
  0.18000000E+01  0.22587785E-01  0.54919981E+01 -0.16461263E+01  0.25527250E+00
  0.18100000E+01  0.22545568E-01  0.55104128E+01 -0.16469388E+01  0.25767857E+00
  0.18200000E+01  0.22493040E-01  0.55300833E+01 -0.16479519E+01  0.26007138E+00
  0.18300000E+01  0.22429912E-01  0.55510788E+01 -0.16491724E+01  0.26245108E+00
  0.18400000E+01  0.22355918E-01  0.55734722E+01 -0.16506075E+01  0.26481781E+00
  0.18500000E+01  0.22270814E-01  0.55973394E+01 -0.16522639E+01  0.26717172E+00
  0.18600000E+01  0.22174384E-01  0.56227594E+01 -0.16541484E+01  0.26951293E+00
  0.18700000E+01  0.22066445E-01  0.56498148E+01 -0.16562676E+01  0.27184160E+00
  0.18800000E+01  0.21946848E-01  0.56785911E+01 -0.16586278E+01  0.27415784E+00
  0.18900000E+01  0.21815488E-01  0.57091769E+01 -0.16612351E+01  0.27646179E+00
  0.19000000E+01  0.21672305E-01  0.57416636E+01 -0.16640949E+01  0.27875359E+00
  0.19100000E+01  0.21517289E-01  0.57761450E+01 -0.16672124E+01  0.28103336E+00
  0.19200000E+01  0.21350489E-01  0.58127166E+01 -0.16705922E+01  0.28330122E+00
  0.19300000E+01  0.21172012E-01  0.58514756E+01 -0.16742379E+01  0.28555730E+00
  0.19400000E+01  0.20982033E-01  0.58925198E+01 -0.16781524E+01  0.28780172E+00
  0.19500000E+01  0.20780795E-01  0.59359471E+01 -0.16823378E+01  0.29003460E+00
  0.19600000E+01  0.20568605E-01  0.59818557E+01 -0.16867952E+01  0.29225606E+00
  0.19700000E+01  0.20345831E-01  0.60303442E+01 -0.16915246E+01  0.29446622E+00
  0.19800000E+01  0.20112875E-01  0.60815148E+01 -0.16965258E+01  0.29666518E+00
  0.19900000E+01  0.19870128E-01  0.61354807E+01 -0.17017993E+01  0.29885307E+00
  0.20000000E+01  0.19617855E-01  0.61923844E+01 -0.17073485E+01  0.30102999E+00
