# N	K	X	Y	Z
   1.00000 	 0.000000 	 0.683426 	 0.000000 	 0.697101 
   1.00000 	 0.100000 	 0.629005 	 -0.000000 	 0.660661 
   1.00000 	 0.200000 	 0.518301 	 -0.000000 	 0.620353 
   1.00000 	 0.300000 	 0.404957 	 -0.000000 	 0.583617 
   1.00000 	 0.400000 	 0.305013 	 -0.000000 	 0.549413 
   1.00000 	 0.500000 	 0.222105 	 -0.000000 	 0.516963 
   1.00000 	 0.600000 	 0.155041 	 -0.000000 	 0.485831 
   1.00000 	 0.700000 	 0.101437 	 -0.000000 	 0.455814 
   1.00000 	 0.800000 	 0.058938 	 -0.000000 	 0.426840 
   1.00000 	 0.900000 	 0.025535 	 -0.000000 	 0.398916 
   1.00000 	 1.000000 	 -0.000431 	 -0.000000 	 0.372080 
   1.00000 	 1.100000 	 -0.020319 	 -0.000000 	 0.346387 
   1.00000 	 1.200000 	 -0.035247 	 -0.000000 	 0.321892 
   1.00000 	 1.300000 	 -0.046143 	 -0.000000 	 0.298642 
   1.00000 	 1.400000 	 -0.053779 	 -0.000000 	 0.276667 
   1.00000 	 1.500000 	 -0.058801 	 -0.000000 	 0.255981 
   1.00000 	 1.600000 	 -0.061747 	 -0.000000 	 0.236584 
   1.00000 	 1.700000 	 -0.063063 	 -0.000000 	 0.218459 
   1.00000 	 1.800000 	 -0.063117 	 0.000000 	 0.201575 
   1.00000 	 1.900000 	 -0.062213 	 0.000000 	 0.185892 
   1.00000 	 2.000000 	 -0.060596 	 0.000000 	 0.171359 
   1.10000 	 0.000000 	 0.591271 	 0.000000 	 0.705817 
   1.10000 	 0.100000 	 0.538701 	 -0.000000 	 0.664049 
   1.10000 	 0.200000 	 0.462728 	 -0.000000 	 0.625533 
   1.10000 	 0.300000 	 0.379319 	 -0.000000 	 0.589739 
   1.10000 	 0.400000 	 0.299799 	 -0.000000 	 0.556025 
   1.10000 	 0.500000 	 0.229427 	 -0.000000 	 0.523872 
   1.10000 	 0.600000 	 0.169602 	 -0.000000 	 0.492964 
   1.10000 	 0.700000 	 0.119907 	 -0.000000 	 0.463146 
   1.10000 	 0.800000 	 0.079252 	 -0.000000 	 0.434362 
   1.10000 	 0.900000 	 0.046404 	 -0.000000 	 0.406620 
   1.10000 	 1.000000 	 0.020181 	 -0.000000 	 0.379952 
   1.10000 	 1.100000 	 -0.000471 	 -0.000000 	 0.354404 
   1.10000 	 1.200000 	 -0.016477 	 -0.000000 	 0.330023 
   1.10000 	 1.300000 	 -0.028630 	 -0.000000 	 0.306846 
   1.10000 	 1.400000 	 -0.037613 	 -0.000000 	 0.284900 
   1.10000 	 1.500000 	 -0.044005 	 -0.000000 	 0.264198 
   1.10000 	 1.600000 	 -0.048300 	 -0.000000 	 0.244739 
   1.10000 	 1.700000 	 -0.050913 	 -0.000000 	 0.226507 
   1.10000 	 1.800000 	 -0.052194 	 -0.000000 	 0.209478 
   1.10000 	 1.900000 	 -0.052433 	 -0.000000 	 0.193612 
   1.10000 	 2.000000 	 -0.051870 	 0.000000 	 0.178868 
   1.20000 	 0.000000 	 0.514547 	 0.000000 	 0.706091 
   1.20000 	 0.100000 	 0.473706 	 -0.000000 	 0.666137 
   1.20000 	 0.200000 	 0.417076 	 -0.000000 	 0.628734 
   1.20000 	 0.300000 	 0.353126 	 -0.000000 	 0.593595 
   1.20000 	 0.400000 	 0.289220 	 -0.000000 	 0.560290 
   1.20000 	 0.500000 	 0.229938 	 -0.000000 	 0.528445 
   1.20000 	 0.600000 	 0.177429 	 -0.000000 	 0.497817 
   1.20000 	 0.700000 	 0.132278 	 -0.000000 	 0.468273 
   1.20000 	 0.800000 	 0.094242 	 -0.000000 	 0.439764 
   1.20000 	 0.900000 	 0.062700 	 -0.000000 	 0.412290 
   1.20000 	 1.000000 	 0.036897 	 -0.000000 	 0.385876 
   1.20000 	 1.100000 	 0.016070 	 -0.000000 	 0.360561 
   1.20000 	 1.200000 	 -0.000502 	 -0.000000 	 0.336380 
   1.20000 	 1.300000 	 -0.013471 	 -0.000000 	 0.313366 
   1.20000 	 1.400000 	 -0.023419 	 -0.000000 	 0.291541 
   1.20000 	 1.500000 	 -0.030856 	 -0.000000 	 0.270914 
   1.20000 	 1.600000 	 -0.036221 	 -0.000000 	 0.251484 
   1.20000 	 1.700000 	 -0.039896 	 -0.000000 	 0.233239 
   1.20000 	 1.800000 	 -0.042202 	 -0.000000 	 0.216154 
   1.20000 	 1.900000 	 -0.043416 	 -0.000000 	 0.200197 
   1.20000 	 2.000000 	 -0.043765 	 -0.000000 	 0.185328 
   1.30000 	 0.000000 	 0.457105 	 0.000000 	 0.705619 
   1.30000 	 0.100000 	 0.423797 	 0.000000 	 0.667019 
   1.30000 	 0.200000 	 0.379252 	 -0.000000 	 0.630466 
   1.30000 	 0.300000 	 0.328433 	 -0.000000 	 0.595847 
   1.30000 	 0.400000 	 0.276215 	 -0.000000 	 0.562890 
   1.30000 	 0.500000 	 0.226158 	 -0.000000 	 0.531334 
   1.30000 	 0.600000 	 0.180374 	 -0.000000 	 0.500987 
   1.30000 	 0.700000 	 0.139841 	 -0.000000 	 0.471735 
   1.30000 	 0.800000 	 0.104792 	 -0.000000 	 0.443530 
   1.30000 	 0.900000 	 0.075030 	 -0.000000 	 0.416361 
   1.30000 	 1.000000 	 0.050136 	 -0.000000 	 0.390247 
   1.30000 	 1.100000 	 0.029599 	 -0.000000 	 0.365212 
   1.30000 	 1.200000 	 0.012884 	 -0.000000 	 0.341286 
   1.30000 	 1.300000 	 -0.000524 	 -0.000000 	 0.318492 
   1.30000 	 1.400000 	 -0.011105 	 -0.000000 	 0.296848 
   1.30000 	 1.500000 	 -0.019294 	 -0.000000 	 0.276361 
   1.30000 	 1.600000 	 -0.025477 	 -0.000000 	 0.257029 
   1.30000 	 1.700000 	 -0.029994 	 -0.000000 	 0.238838 
   1.30000 	 1.800000 	 -0.033140 	 -0.000000 	 0.221769 
   1.30000 	 1.900000 	 -0.035168 	 -0.000000 	 0.205790 
   1.30000 	 2.000000 	 -0.036295 	 -0.000000 	 0.190865 
   1.40000 	 0.000000 	 0.411527 	 0.000000 	 0.704438 
   1.40000 	 0.100000 	 0.383813 	 0.000000 	 0.666826 
   1.40000 	 0.200000 	 0.347407 	 -0.000000 	 0.630976 
   1.40000 	 0.300000 	 0.305825 	 -0.000000 	 0.596822 
   1.40000 	 0.400000 	 0.262407 	 -0.000000 	 0.564200 
   1.40000 	 0.500000 	 0.219835 	 -0.000000 	 0.532928 
   1.40000 	 0.600000 	 0.179938 	 -0.000000 	 0.502862 
   1.40000 	 0.700000 	 0.143766 	 -0.000000 	 0.473907 
   1.40000 	 0.800000 	 0.111778 	 -0.000000 	 0.446013 
   1.40000 	 0.900000 	 0.084040 	 -0.000000 	 0.419166 
   1.40000 	 1.000000 	 0.060371 	 -0.000000 	 0.393369 
   1.40000 	 1.100000 	 0.040460 	 -0.000000 	 0.368640 
   1.40000 	 1.200000 	 0.023931 	 -0.000000 	 0.344999 
   1.40000 	 1.300000 	 0.010393 	 -0.000000 	 0.322461 
   1.40000 	 1.400000 	 -0.000540 	 -0.000000 	 0.301039 
   1.40000 	 1.500000 	 -0.009229 	 -0.000000 	 0.280737 
   1.40000 	 1.600000 	 -0.016006 	 -0.000000 	 0.261550 
   1.40000 	 1.700000 	 -0.021170 	 -0.000000 	 0.243466 
   1.40000 	 1.800000 	 -0.024984 	 -0.000000 	 0.226464 
   1.40000 	 1.900000 	 -0.027680 	 -0.000000 	 0.210517 
   1.40000 	 2.000000 	 -0.029458 	 -0.000000 	 0.195592 
   1.50000 	 0.000000 	 0.374648 	 0.000000 	 0.702516 
   1.50000 	 0.100000 	 0.350791 	 0.000000 	 0.665678 
   1.50000 	 0.200000 	 0.320179 	 0.000000 	 0.630441 
   1.50000 	 0.300000 	 0.285343 	 -0.000000 	 0.596733 
   1.50000 	 0.400000 	 0.248648 	 -0.000000 	 0.564453 
   1.50000 	 0.500000 	 0.212112 	 -0.000000 	 0.533478 
   1.50000 	 0.600000 	 0.177242 	 -0.000000 	 0.503703 
   1.50000 	 0.700000 	 0.145020 	 -0.000000 	 0.475050 
   1.50000 	 0.800000 	 0.115984 	 -0.000000 	 0.447471 
   1.50000 	 0.900000 	 0.090343 	 -0.000000 	 0.420949 
   1.50000 	 1.000000 	 0.068074 	 -0.000000 	 0.395479 
   1.50000 	 1.100000 	 0.049013 	 -0.000000 	 0.371069 
   1.50000 	 1.200000 	 0.032912 	 -0.000000 	 0.347728 
   1.50000 	 1.300000 	 0.019484 	 -0.000000 	 0.325468 
   1.50000 	 1.400000 	 0.008428 	 -0.000000 	 0.304294 
   1.50000 	 1.500000 	 -0.000550 	 -0.000000 	 0.284207 
   1.50000 	 1.600000 	 -0.007730 	 -0.000000 	 0.265199 
   1.50000 	 1.700000 	 -0.013369 	 -0.000000 	 0.247259 
   1.50000 	 1.800000 	 -0.017699 	 -0.000000 	 0.230364 
   1.50000 	 1.900000 	 -0.020931 	 -0.000000 	 0.214490 
   1.50000 	 2.000000 	 -0.023244 	 -0.000000 	 0.199606 
   1.60000 	 0.000000 	 0.344180 	 0.000000 	 0.699787 
   1.60000 	 0.100000 	 0.322893 	 0.000000 	 0.663694 
   1.60000 	 0.200000 	 0.296588 	 0.000000 	 0.629017 
   1.60000 	 0.300000 	 0.266839 	 -0.000000 	 0.595746 
   1.60000 	 0.400000 	 0.235369 	 -0.000000 	 0.563823 
   1.60000 	 0.500000 	 0.203714 	 -0.000000 	 0.533164 
   1.60000 	 0.600000 	 0.173091 	 -0.000000 	 0.503694 
   1.60000 	 0.700000 	 0.144363 	 -0.000000 	 0.475352 
   1.60000 	 0.800000 	 0.118071 	 -0.000000 	 0.448095 
   1.60000 	 0.900000 	 0.094487 	 -0.000000 	 0.421901 
   1.60000 	 1.000000 	 0.073687 	 -0.000000 	 0.396760 
   1.60000 	 1.100000 	 0.055608 	 -0.000000 	 0.372673 
   1.60000 	 1.200000 	 0.040101 	 -0.000000 	 0.349643 
   1.60000 	 1.300000 	 0.026961 	 -0.000000 	 0.327672 
   1.60000 	 1.400000 	 0.015961 	 -0.000000 	 0.306762 
   1.60000 	 1.500000 	 0.006866 	 -0.000000 	 0.286909 
   1.60000 	 1.600000 	 -0.000555 	 -0.000000 	 0.268104 
   1.60000 	 1.700000 	 -0.006522 	 -0.000000 	 0.250333 
   1.60000 	 1.800000 	 -0.011238 	 -0.000000 	 0.233576 
   1.60000 	 1.900000 	 -0.014885 	 -0.000000 	 0.217806 
   1.60000 	 2.000000 	 -0.017631 	 -0.000000 	 0.202995 
   1.70000 	 0.000000 	 0.317743 	 0.000000 	 0.696428 
   1.70000 	 0.100000 	 0.298900 	 0.000000 	 0.660995 
   1.70000 	 0.200000 	 0.275917 	 0.000000 	 0.626839 
   1.70000 	 0.300000 	 0.250110 	 -0.000000 	 0.594002 
   1.70000 	 0.400000 	 0.222775 	 -0.000000 	 0.562449 
   1.70000 	 0.500000 	 0.195093 	 -0.000000 	 0.532128 
   1.70000 	 0.600000 	 0.168046 	 -0.000000 	 0.502981 
   1.70000 	 0.700000 	 0.142371 	 -0.000000 	 0.474960 
   1.70000 	 0.800000 	 0.118570 	 -0.000000 	 0.448030 
   1.70000 	 0.900000 	 0.096937 	 -0.000000 	 0.422166 
   1.70000 	 1.000000 	 0.077602 	 -0.000000 	 0.397357 
   1.70000 	 1.100000 	 0.060568 	 -0.000000 	 0.373595 
   1.70000 	 1.200000 	 0.045757 	 -0.000000 	 0.350878 
   1.70000 	 1.300000 	 0.033032 	 -0.000000 	 0.329203 
   1.70000 	 1.400000 	 0.022223 	 -0.000000 	 0.308566 
   1.70000 	 1.500000 	 0.013147 	 -0.000000 	 0.288959 
   1.70000 	 1.600000 	 0.005615 	 -0.000000 	 0.270373 
   1.70000 	 1.700000 	 -0.000557 	 -0.000000 	 0.252790 
   1.70000 	 1.800000 	 -0.005543 	 -0.000000 	 0.236191 
   1.70000 	 1.900000 	 -0.009505 	 -0.000000 	 0.220549 
   1.70000 	 2.000000 	 -0.012589 	 -0.000000 	 0.205837 
   1.80000 	 0.000000 	 0.295000 	 0.000000 	 0.692636 
   1.80000 	 0.100000 	 0.277991 	 0.000000 	 0.657694 
   1.80000 	 0.200000 	 0.257636 	 0.000000 	 0.624030 
   1.80000 	 0.300000 	 0.234956 	 0.000000 	 0.591625 
   1.80000 	 0.400000 	 0.210945 	 -0.000000 	 0.560455 
   1.80000 	 0.500000 	 0.186527 	 -0.000000 	 0.530486 
   1.80000 	 0.600000 	 0.162494 	 -0.000000 	 0.501677 
   1.80000 	 0.700000 	 0.139470 	 -0.000000 	 0.473988 
   1.80000 	 0.800000 	 0.117901 	 -0.000000 	 0.447391 
   1.80000 	 0.900000 	 0.098078 	 -0.000000 	 0.421861 
   1.80000 	 1.000000 	 0.080155 	 -0.000000 	 0.397384 
   1.80000 	 1.100000 	 0.064179 	 -0.000000 	 0.373947 
   1.80000 	 1.200000 	 0.050120 	 -0.000000 	 0.351543 
   1.80000 	 1.300000 	 0.037891 	 -0.000000 	 0.330166 
   1.80000 	 1.400000 	 0.027371 	 -0.000000 	 0.309807 
   1.80000 	 1.500000 	 0.018419 	 -0.000000 	 0.290455 
   1.80000 	 1.600000 	 0.010881 	 -0.000000 	 0.272097 
   1.80000 	 1.700000 	 0.004606 	 -0.000000 	 0.254715 
   1.80000 	 1.800000 	 -0.000556 	 -0.000000 	 0.238289 
   1.80000 	 1.900000 	 -0.004743 	 -0.000000 	 0.222793 
   1.80000 	 2.000000 	 -0.008086 	 -0.000000 	 0.208199 
   1.90000 	 0.000000 	 0.275282 	 0.000000 	 0.688159 
   1.90000 	 0.100000 	 0.259576 	 0.000000 	 0.653886 
   1.90000 	 0.200000 	 0.241343 	 0.000000 	 0.620700 
   1.90000 	 0.300000 	 0.221191 	 0.000000 	 0.588721 
   1.90000 	 0.400000 	 0.199892 	 -0.000000 	 0.557942 
   1.90000 	 0.500000 	 0.178182 	 -0.000000 	 0.528338 
   1.90000 	 0.600000 	 0.156700 	 -0.000000 	 0.499878 
   1.90000 	 0.700000 	 0.135971 	 -0.000000 	 0.472532 
   1.90000 	 0.800000 	 0.116387 	 -0.000000 	 0.446273 
   1.90000 	 0.900000 	 0.098219 	 -0.000000 	 0.421079 
   1.90000 	 1.000000 	 0.081629 	 -0.000000 	 0.396933 
   1.90000 	 1.100000 	 0.066690 	 -0.000000 	 0.373820 
   1.90000 	 1.200000 	 0.053403 	 -0.000000 	 0.351730 
   1.90000 	 1.300000 	 0.041720 	 -0.000000 	 0.330651 
   1.90000 	 1.400000 	 0.031556 	 -0.000000 	 0.310571 
   1.90000 	 1.500000 	 0.022803 	 -0.000000 	 0.291477 
   1.90000 	 1.600000 	 0.015340 	 -0.000000 	 0.273354 
   1.90000 	 1.700000 	 0.009043 	 -0.000000 	 0.256182 
   1.90000 	 1.800000 	 0.003786 	 -0.000000 	 0.239939 
   1.90000 	 1.900000 	 -0.000551 	 -0.000000 	 0.224600 
   1.90000 	 2.000000 	 -0.004084 	 -0.000000 	 0.210140 
   2.00000 	 0.000000 	 0.257328 	 0.000000 	 0.683592 
   2.00000 	 0.100000 	 0.243196 	 0.000000 	 0.649672 
   2.00000 	 0.200000 	 0.226724 	 0.000000 	 0.616941 
   2.00000 	 0.300000 	 0.208652 	 0.000000 	 0.585386 
   2.00000 	 0.400000 	 0.189598 	 0.000000 	 0.555001 
   2.00000 	 0.500000 	 0.170153 	 -0.000000 	 0.525769 
   2.00000 	 0.600000 	 0.150841 	 -0.000000 	 0.497667 
   2.00000 	 0.700000 	 0.132101 	 -0.000000 	 0.470670 
   2.00000 	 0.800000 	 0.114273 	 -0.000000 	 0.444754 
   2.00000 	 0.900000 	 0.097605 	 -0.000000 	 0.419897 
   2.00000 	 1.000000 	 0.082256 	 -0.000000 	 0.396082 
   2.00000 	 1.100000 	 0.068310 	 -0.000000 	 0.373292 
   2.00000 	 1.200000 	 0.055792 	 -0.000000 	 0.351513 
   2.00000 	 1.300000 	 0.044677 	 -0.000000 	 0.330730 
   2.00000 	 1.400000 	 0.034911 	 -0.000000 	 0.310929 
   2.00000 	 1.500000 	 0.026412 	 -0.000000 	 0.292096 
   2.00000 	 1.600000 	 0.019087 	 -0.000000 	 0.274210 
   2.00000 	 1.700000 	 0.012833 	 -0.000000 	 0.257252 
   2.00000 	 1.800000 	 0.007544 	 -0.000000 	 0.241200 
   2.00000 	 1.900000 	 0.003118 	 -0.000000 	 0.226028 
   2.00000 	 2.000000 	 -0.000545 	 -0.000000 	 0.211711 
   2.10000 	 0.000000 	 0.241692 	 0.000000 	 0.678705 
   2.10000 	 0.100000 	 0.228535 	 0.000000 	 0.645133 
   2.10000 	 0.200000 	 0.213536 	 0.000000 	 0.612840 
   2.10000 	 0.300000 	 0.197198 	 0.000000 	 0.581701 
   2.10000 	 0.400000 	 0.180023 	 0.000000 	 0.551711 
   2.10000 	 0.500000 	 0.162492 	 -0.000000 	 0.522856 
   2.10000 	 0.600000 	 0.145036 	 -0.000000 	 0.495116 
   2.10000 	 0.700000 	 0.128023 	 -0.000000 	 0.468472 
   2.10000 	 0.800000 	 0.111748 	 -0.000000 	 0.442900 
   2.10000 	 0.900000 	 0.096432 	 -0.000000 	 0.418381 
   2.10000 	 1.000000 	 0.082225 	 -0.000000 	 0.394896 
   2.10000 	 1.100000 	 0.069217 	 -0.000000 	 0.372425 
   2.10000 	 1.200000 	 0.057445 	 -0.000000 	 0.350954 
   2.10000 	 1.300000 	 0.046904 	 -0.000000 	 0.330466 
   2.10000 	 1.400000 	 0.037559 	 -0.000000 	 0.310943 
   2.10000 	 1.500000 	 0.029352 	 -0.000000 	 0.292367 
   2.10000 	 1.600000 	 0.022208 	 -0.000000 	 0.274720 
   2.10000 	 1.700000 	 0.016046 	 -0.000000 	 0.257980 
   2.10000 	 1.800000 	 0.010777 	 -0.000000 	 0.242123 
   2.10000 	 1.900000 	 0.006314 	 -0.000000 	 0.227124 
   2.10000 	 2.000000 	 0.002570 	 -0.000000 	 0.212957 
   2.20000 	 0.000000 	 0.227815 	 0.000000 	 0.673089 
   2.20000 	 0.100000 	 0.215332 	 0.000000 	 0.640329 
   2.20000 	 0.200000 	 0.201578 	 0.000000 	 0.608468 
   2.20000 	 0.300000 	 0.186706 	 0.000000 	 0.577738 
   2.20000 	 0.400000 	 0.171122 	 0.000000 	 0.548140 
   2.20000 	 0.500000 	 0.155221 	 0.000000 	 0.519662 
   2.20000 	 0.600000 	 0.139361 	 -0.000000 	 0.492287 
   2.20000 	 0.700000 	 0.123853 	 -0.000000 	 0.465996 
   2.20000 	 0.800000 	 0.108950 	 -0.000000 	 0.440769 
   2.20000 	 0.900000 	 0.094849 	 -0.000000 	 0.416587 
   2.20000 	 1.000000 	 0.081688 	 -0.000000 	 0.393428 
   2.20000 	 1.100000 	 0.069556 	 -0.000000 	 0.371275 
   2.20000 	 1.200000 	 0.058498 	 -0.000000 	 0.350108 
   2.20000 	 1.300000 	 0.048522 	 -0.000000 	 0.329911 
   2.20000 	 1.400000 	 0.039608 	 -0.000000 	 0.310662 
   2.20000 	 1.500000 	 0.031714 	 -0.000000 	 0.292344 
   2.20000 	 1.600000 	 0.024784 	 -0.000000 	 0.274935 
   2.20000 	 1.700000 	 0.018750 	 -0.000000 	 0.258412 
   2.20000 	 1.800000 	 0.013541 	 -0.000000 	 0.242753 
   2.20000 	 1.900000 	 0.009082 	 -0.000000 	 0.227931 
   2.20000 	 2.000000 	 0.005298 	 -0.000000 	 0.213920 
   2.30000 	 0.000000 	 0.214496 	 0.000000 	 0.667869 
   2.30000 	 0.100000 	 0.203360 	 0.000000 	 0.635334 
   2.30000 	 0.200000 	 0.190689 	 0.000000 	 0.603886 
   2.30000 	 0.300000 	 0.177071 	 0.000000 	 0.573558 
   2.30000 	 0.400000 	 0.162847 	 0.000000 	 0.544347 
   2.30000 	 0.500000 	 0.148345 	 0.000000 	 0.516244 
   2.30000 	 0.600000 	 0.133867 	 0.000000 	 0.489232 
   2.30000 	 0.700000 	 0.119674 	 -0.000000 	 0.463294 
   2.30000 	 0.800000 	 0.105985 	 -0.000000 	 0.438411 
   2.30000 	 0.900000 	 0.092973 	 -0.000000 	 0.414562 
   2.30000 	 1.000000 	 0.080766 	 -0.000000 	 0.391727 
   2.30000 	 1.100000 	 0.069447 	 -0.000000 	 0.369886 
   2.30000 	 1.200000 	 0.059065 	 -0.000000 	 0.349020 
   2.30000 	 1.300000 	 0.049636 	 -0.000000 	 0.329109 
   2.30000 	 1.400000 	 0.041152 	 -0.000000 	 0.310131 
   2.30000 	 1.500000 	 0.033583 	 -0.000000 	 0.292067 
   2.30000 	 1.600000 	 0.026886 	 -0.000000 	 0.274894 
   2.30000 	 1.700000 	 0.021008 	 -0.000000 	 0.258589 
   2.30000 	 1.800000 	 0.015890 	 -0.000000 	 0.243127 
   2.30000 	 1.900000 	 0.011468 	 -0.000000 	 0.228484 
   2.30000 	 2.000000 	 0.007677 	 -0.000000 	 0.214633 
   2.40000 	 0.000000 	 0.203184 	 0.000000 	 0.662738 
   2.40000 	 0.100000 	 0.192478 	 0.000000 	 0.630204 
   2.40000 	 0.200000 	 0.180738 	 0.000000 	 0.599150 
   2.40000 	 0.300000 	 0.168200 	 0.000000 	 0.569213 
   2.40000 	 0.400000 	 0.155149 	 0.000000 	 0.540383 
   2.40000 	 0.500000 	 0.141858 	 0.000000 	 0.512650 
   2.40000 	 0.600000 	 0.128582 	 0.000000 	 0.485998 
   2.40000 	 0.700000 	 0.115543 	 -0.000000 	 0.460410 
   2.40000 	 0.800000 	 0.102931 	 -0.000000 	 0.435866 
   2.40000 	 0.900000 	 0.090897 	 -0.000000 	 0.412348 
   2.40000 	 1.000000 	 0.079556 	 -0.000000 	 0.389832 
   2.40000 	 1.100000 	 0.068987 	 -0.000000 	 0.368299 
   2.40000 	 1.200000 	 0.059240 	 -0.000000 	 0.347728 
   2.40000 	 1.300000 	 0.050335 	 -0.000000 	 0.328099 
   2.40000 	 1.400000 	 0.042271 	 -0.000000 	 0.309388 
   2.40000 	 1.500000 	 0.035031 	 -0.000000 	 0.291574 
   2.40000 	 1.600000 	 0.028580 	 -0.000000 	 0.274634 
   2.40000 	 1.700000 	 0.022876 	 -0.000000 	 0.258545 
   2.40000 	 1.800000 	 0.017871 	 -0.000000 	 0.243281 
   2.40000 	 1.900000 	 0.013511 	 -0.000000 	 0.228817 
   2.40000 	 2.000000 	 0.009742 	 -0.000000 	 0.215127 
   2.50000 	 0.000000 	 0.192820 	 0.000000 	 0.656313 
   2.50000 	 0.100000 	 0.182540 	 0.000000 	 0.624956 
   2.50000 	 0.200000 	 0.171612 	 0.000000 	 0.594302 
   2.50000 	 0.300000 	 0.160015 	 0.000000 	 0.564748 
   2.50000 	 0.400000 	 0.147982 	 0.000000 	 0.536292 
   2.50000 	 0.500000 	 0.135747 	 0.000000 	 0.508923 
   2.50000 	 0.600000 	 0.123522 	 0.000000 	 0.482626 
   2.50000 	 0.700000 	 0.111501 	 0.000000 	 0.457383 
   2.50000 	 0.800000 	 0.099845 	 -0.000000 	 0.433175 
   2.50000 	 0.900000 	 0.088689 	 -0.000000 	 0.409980 
   2.50000 	 1.000000 	 0.078134 	 -0.000000 	 0.387778 
   2.50000 	 1.100000 	 0.068256 	 -0.000000 	 0.366548 
   2.50000 	 1.200000 	 0.059100 	 -0.000000 	 0.346267 
   2.50000 	 1.300000 	 0.050693 	 -0.000000 	 0.326913 
   2.50000 	 1.400000 	 0.043037 	 -0.000000 	 0.308464 
   2.50000 	 1.500000 	 0.036121 	 -0.000000 	 0.290897 
   2.50000 	 1.600000 	 0.029922 	 -0.000000 	 0.274187 
   2.50000 	 1.700000 	 0.024405 	 -0.000000 	 0.258311 
   2.50000 	 1.800000 	 0.019530 	 -0.000000 	 0.243243 
   2.50000 	 1.900000 	 0.015252 	 -0.000000 	 0.228958 
   2.50000 	 2.000000 	 0.011524 	 -0.000000 	 0.215429 
   2.60000 	 0.000000 	 0.182455 	 0.000000 	 0.651078 
   2.60000 	 0.100000 	 0.173415 	 0.000000 	 0.619668 
   2.60000 	 0.200000 	 0.163219 	 0.000000 	 0.589384 
   2.60000 	 0.300000 	 0.152446 	 0.000000 	 0.560201 
   2.60000 	 0.400000 	 0.141305 	 0.000000 	 0.532111 
   2.60000 	 0.500000 	 0.129994 	 0.000000 	 0.505099 
   2.60000 	 0.600000 	 0.118695 	 0.000000 	 0.479150 
   2.60000 	 0.700000 	 0.107573 	 0.000000 	 0.454246 
   2.60000 	 0.800000 	 0.096770 	 0.000000 	 0.430367 
   2.60000 	 0.900000 	 0.086402 	 -0.000000 	 0.407490 
   2.60000 	 1.000000 	 0.076562 	 -0.000000 	 0.385597 
   2.60000 	 1.100000 	 0.067317 	 -0.000000 	 0.364663 
   2.60000 	 1.200000 	 0.058712 	 -0.000000 	 0.344665 
   2.60000 	 1.300000 	 0.050773 	 -0.000000 	 0.325582 
   2.60000 	 1.400000 	 0.043508 	 -0.000000 	 0.307389 
   2.60000 	 1.500000 	 0.036910 	 -0.000000 	 0.290063 
   2.60000 	 1.600000 	 0.030963 	 -0.000000 	 0.273580 
   2.60000 	 1.700000 	 0.025639 	 -0.000000 	 0.257913 
   2.60000 	 1.800000 	 0.020905 	 -0.000000 	 0.243040 
   2.60000 	 1.900000 	 0.016724 	 -0.000000 	 0.228932 
   2.60000 	 2.000000 	 0.013055 	 -0.000000 	 0.215564 
   2.70000 	 0.000000 	 0.174110 	 0.000000 	 0.645836 
   2.70000 	 0.100000 	 0.165038 	 0.000000 	 0.614350 
   2.70000 	 0.200000 	 0.155477 	 0.000000 	 0.584427 
   2.70000 	 0.300000 	 0.145432 	 0.000000 	 0.555606 
   2.70000 	 0.400000 	 0.135077 	 0.000000 	 0.527871 
   2.70000 	 0.500000 	 0.124581 	 0.000000 	 0.501208 
   2.70000 	 0.600000 	 0.114100 	 0.000000 	 0.475599 
   2.70000 	 0.700000 	 0.103778 	 0.000000 	 0.451027 
   2.70000 	 0.800000 	 0.093737 	 0.000000 	 0.427470 
   2.70000 	 0.900000 	 0.084079 	 -0.000000 	 0.404906 
   2.70000 	 1.000000 	 0.074886 	 -0.000000 	 0.383314 
   2.70000 	 1.100000 	 0.066222 	 -0.000000 	 0.362669 
   2.70000 	 1.200000 	 0.058127 	 -0.000000 	 0.342949 
   2.70000 	 1.300000 	 0.050628 	 -0.000000 	 0.324130 
   2.70000 	 1.400000 	 0.043735 	 -0.000000 	 0.306187 
   2.70000 	 1.500000 	 0.037446 	 -0.000000 	 0.289098 
   2.70000 	 1.600000 	 0.031747 	 -0.000000 	 0.272835 
   2.70000 	 1.700000 	 0.026619 	 -0.000000 	 0.257375 
   2.70000 	 1.800000 	 0.022033 	 -0.000000 	 0.242692 
   2.70000 	 1.900000 	 0.017959 	 -0.000000 	 0.228760 
   2.70000 	 2.000000 	 0.014362 	 -0.000000 	 0.215553 
   2.80000 	 0.000000 	 0.165943 	 0.000000 	 0.639123 
   2.80000 	 0.100000 	 0.157309 	 0.000000 	 0.609021 
   2.80000 	 0.200000 	 0.148320 	 0.000000 	 0.579462 
   2.80000 	 0.300000 	 0.138921 	 0.000000 	 0.550991 
   2.80000 	 0.400000 	 0.129262 	 0.000000 	 0.523601 
   2.80000 	 0.500000 	 0.119488 	 0.000000 	 0.497278 
   2.80000 	 0.600000 	 0.109735 	 0.000000 	 0.472002 
   2.80000 	 0.700000 	 0.100125 	 0.000000 	 0.447753 
   2.80000 	 0.800000 	 0.090766 	 0.000000 	 0.424510 
   2.80000 	 0.900000 	 0.081749 	 0.000000 	 0.402251 
   2.80000 	 1.000000 	 0.073145 	 -0.000000 	 0.380951 
   2.80000 	 1.100000 	 0.065013 	 -0.000000 	 0.360589 
   2.80000 	 1.200000 	 0.057390 	 -0.000000 	 0.341139 
   2.80000 	 1.300000 	 0.050302 	 -0.000000 	 0.322578 
   2.80000 	 1.400000 	 0.043762 	 -0.000000 	 0.304880 
   2.80000 	 1.500000 	 0.037768 	 -0.000000 	 0.288021 
   2.80000 	 1.600000 	 0.032313 	 -0.000000 	 0.271975 
   2.80000 	 1.700000 	 0.027380 	 -0.000000 	 0.256718 
   2.80000 	 1.800000 	 0.022947 	 -0.000000 	 0.242222 
   2.80000 	 1.900000 	 0.018986 	 -0.000000 	 0.228463 
   2.80000 	 2.000000 	 0.015470 	 -0.000000 	 0.215414 
   2.90000 	 0.000000 	 0.157682 	 0.000000 	 0.634199 
   2.90000 	 0.100000 	 0.150151 	 0.000000 	 0.603737 
   2.90000 	 0.200000 	 0.141686 	 0.000000 	 0.574508 
   2.90000 	 0.300000 	 0.132865 	 0.000000 	 0.546377 
   2.90000 	 0.400000 	 0.123826 	 0.000000 	 0.519323 
   2.90000 	 0.500000 	 0.114696 	 0.000000 	 0.493331 
   2.90000 	 0.600000 	 0.105591 	 0.000000 	 0.468378 
   2.90000 	 0.700000 	 0.096619 	 0.000000 	 0.444444 
   2.90000 	 0.800000 	 0.087874 	 0.000000 	 0.421507 
   2.90000 	 0.900000 	 0.079435 	 0.000000 	 0.399544 
   2.90000 	 1.000000 	 0.071368 	 0.000000 	 0.378531 
   2.90000 	 1.100000 	 0.063723 	 -0.000000 	 0.358443 
   2.90000 	 1.200000 	 0.056536 	 -0.000000 	 0.339257 
   2.90000 	 1.300000 	 0.049833 	 -0.000000 	 0.320946 
   2.90000 	 1.400000 	 0.043624 	 -0.000000 	 0.303486 
   2.90000 	 1.500000 	 0.037913 	 -0.000000 	 0.286852 
   2.90000 	 1.600000 	 0.032694 	 -0.000000 	 0.271018 
   2.90000 	 1.700000 	 0.027953 	 -0.000000 	 0.255958 
   2.90000 	 1.800000 	 0.023673 	 -0.000000 	 0.241646 
   2.90000 	 1.900000 	 0.019831 	 -0.000000 	 0.228057 
   2.90000 	 2.000000 	 0.016402 	 -0.000000 	 0.215164 
   3.00000 	 0.000000 	 0.151481 	 0.000000 	 0.629025 
   3.00000 	 0.100000 	 0.143535 	 0.000000 	 0.598485 
   3.00000 	 0.200000 	 0.135525 	 0.000000 	 0.569587 
   3.00000 	 0.300000 	 0.127223 	 0.000000 	 0.541786 
   3.00000 	 0.400000 	 0.118739 	 0.000000 	 0.515059 
   3.00000 	 0.500000 	 0.110184 	 0.000000 	 0.489385 
   3.00000 	 0.600000 	 0.101661 	 0.000000 	 0.464747 
   3.00000 	 0.700000 	 0.093262 	 0.000000 	 0.441119 
   3.00000 	 0.800000 	 0.085070 	 0.000000 	 0.418479 
   3.00000 	 0.900000 	 0.077155 	 0.000000 	 0.396804 
   3.00000 	 1.000000 	 0.069576 	 0.000000 	 0.376069 
   3.00000 	 1.100000 	 0.062378 	 0.000000 	 0.356248 
   3.00000 	 1.200000 	 0.055595 	 -0.000000 	 0.337318 
   3.00000 	 1.300000 	 0.049249 	 -0.000000 	 0.319251 
   3.00000 	 1.400000 	 0.043352 	 -0.000000 	 0.302023 
   3.00000 	 1.500000 	 0.037910 	 -0.000000 	 0.285608 
   3.00000 	 1.600000 	 0.032918 	 -0.000000 	 0.269979 
   3.00000 	 1.700000 	 0.028365 	 -0.000000 	 0.255112 
   3.00000 	 1.800000 	 0.024237 	 -0.000000 	 0.240980 
   3.00000 	 1.900000 	 0.020516 	 -0.000000 	 0.227557 
   3.00000 	 2.000000 	 0.017179 	 -0.000000 	 0.214818 
   3.10000 	 0.000000 	 0.144646 	 0.000000 	 0.622117 
   3.10000 	 0.100000 	 0.137374 	 0.000000 	 0.593275 
   3.10000 	 0.200000 	 0.129791 	 0.000000 	 0.564719 
   3.10000 	 0.300000 	 0.121958 	 0.000000 	 0.537235 
   3.10000 	 0.400000 	 0.113974 	 0.000000 	 0.510823 
   3.10000 	 0.500000 	 0.105937 	 0.000000 	 0.485460 
   3.10000 	 0.600000 	 0.097935 	 0.000000 	 0.461125 
   3.10000 	 0.700000 	 0.090053 	 0.000000 	 0.437794 
   3.10000 	 0.800000 	 0.082361 	 0.000000 	 0.415443 
   3.10000 	 0.900000 	 0.074922 	 0.000000 	 0.394047 
   3.10000 	 1.000000 	 0.067788 	 0.000000 	 0.373581 
   3.10000 	 1.100000 	 0.061000 	 0.000000 	 0.354020 
   3.10000 	 1.200000 	 0.054589 	 0.000000 	 0.335337 
   3.10000 	 1.300000 	 0.048576 	 -0.000000 	 0.317507 
   3.10000 	 1.400000 	 0.042973 	 -0.000000 	 0.300504 
   3.10000 	 1.500000 	 0.037785 	 -0.000000 	 0.284302 
   3.10000 	 1.600000 	 0.033010 	 -0.000000 	 0.268874 
   3.10000 	 1.700000 	 0.028640 	 -0.000000 	 0.254194 
   3.10000 	 1.800000 	 0.024662 	 -0.000000 	 0.240238 
   3.10000 	 1.900000 	 0.021062 	 -0.000000 	 0.226978 
   3.10000 	 2.000000 	 0.017819 	 -0.000000 	 0.214389 
   3.20000 	 0.000000 	 0.138087 	 0.000000 	 0.617942 
   3.20000 	 0.100000 	 0.131637 	 0.000000 	 0.588192 
   3.20000 	 0.200000 	 0.124447 	 0.000000 	 0.559918 
   3.20000 	 0.300000 	 0.117038 	 0.000000 	 0.532739 
   3.20000 	 0.400000 	 0.109505 	 0.000000 	 0.506630 
   3.20000 	 0.500000 	 0.101934 	 0.000000 	 0.481568 
   3.20000 	 0.600000 	 0.094405 	 0.000000 	 0.457527 
   3.20000 	 0.700000 	 0.086989 	 0.000000 	 0.434483 
   3.20000 	 0.800000 	 0.079750 	 0.000000 	 0.412411 
   3.20000 	 0.900000 	 0.072745 	 0.000000 	 0.391286 
   3.20000 	 1.000000 	 0.066018 	 0.000000 	 0.371081 
   3.20000 	 1.100000 	 0.059606 	 0.000000 	 0.351771 
   3.20000 	 1.200000 	 0.053539 	 0.000000 	 0.333328 
   3.20000 	 1.300000 	 0.047835 	 -0.000000 	 0.315728 
   3.20000 	 1.400000 	 0.042507 	 -0.000000 	 0.298943 
   3.20000 	 1.500000 	 0.037559 	 -0.000000 	 0.282947 
   3.20000 	 1.600000 	 0.032991 	 -0.000000 	 0.267714 
   3.20000 	 1.700000 	 0.028797 	 -0.000000 	 0.253218 
   3.20000 	 1.800000 	 0.024967 	 -0.000000 	 0.239432 
   3.20000 	 1.900000 	 0.021486 	 -0.000000 	 0.226331 
   3.20000 	 2.000000 	 0.018340 	 -0.000000 	 0.213889 
   3.30000 	 0.000000 	 0.133433 	 0.000000 	 0.612768 
   3.30000 	 0.100000 	 0.126317 	 0.000000 	 0.583176 
   3.30000 	 0.200000 	 0.119458 	 0.000000 	 0.555189 
   3.30000 	 0.300000 	 0.112433 	 0.000000 	 0.528307 
   3.30000 	 0.400000 	 0.105308 	 0.000000 	 0.502493 
   3.30000 	 0.500000 	 0.098161 	 0.000000 	 0.477720 
   3.30000 	 0.600000 	 0.091059 	 0.000000 	 0.453963 
   3.30000 	 0.700000 	 0.084066 	 0.000000 	 0.431197 
   3.30000 	 0.800000 	 0.077240 	 0.000000 	 0.409395 
   3.30000 	 0.900000 	 0.070629 	 0.000000 	 0.388532 
   3.30000 	 1.000000 	 0.064274 	 0.000000 	 0.368579 
   3.30000 	 1.100000 	 0.058209 	 0.000000 	 0.349512 
   3.30000 	 1.200000 	 0.052459 	 0.000000 	 0.331303 
   3.30000 	 1.300000 	 0.047043 	 0.000000 	 0.313925 
   3.30000 	 1.400000 	 0.041972 	 -0.000000 	 0.297351 
   3.30000 	 1.500000 	 0.037251 	 -0.000000 	 0.281556 
   3.30000 	 1.600000 	 0.032881 	 -0.000000 	 0.266511 
   3.30000 	 1.700000 	 0.028856 	 -0.000000 	 0.252192 
   3.30000 	 1.800000 	 0.025168 	 -0.000000 	 0.238573 
   3.30000 	 1.900000 	 0.021806 	 -0.000000 	 0.225627 
   3.30000 	 2.000000 	 0.018756 	 -0.000000 	 0.213329 
   3.40000 	 0.000000 	 0.127440 	 0.000000 	 0.606018 
   3.40000 	 0.100000 	 0.121316 	 0.000000 	 0.578212 
   3.40000 	 0.200000 	 0.114790 	 0.000000 	 0.550543 
   3.40000 	 0.300000 	 0.108116 	 0.000000 	 0.523950 
   3.40000 	 0.400000 	 0.101364 	 0.000000 	 0.498420 
   3.40000 	 0.500000 	 0.094601 	 0.000000 	 0.473927 
   3.40000 	 0.600000 	 0.087887 	 0.000000 	 0.450445 
   3.40000 	 0.700000 	 0.081280 	 0.000000 	 0.427946 
   3.40000 	 0.800000 	 0.074829 	 0.000000 	 0.406406 
   3.40000 	 0.900000 	 0.068579 	 0.000000 	 0.385795 
   3.40000 	 1.000000 	 0.062565 	 0.000000 	 0.366087 
   3.40000 	 1.100000 	 0.056820 	 0.000000 	 0.347254 
   3.40000 	 1.200000 	 0.051364 	 0.000000 	 0.329270 
   3.40000 	 1.300000 	 0.046215 	 0.000000 	 0.312107 
   3.40000 	 1.400000 	 0.041384 	 0.000000 	 0.295738 
   3.40000 	 1.500000 	 0.036877 	 -0.000000 	 0.280136 
   3.40000 	 1.600000 	 0.032694 	 -0.000000 	 0.265275 
   3.40000 	 1.700000 	 0.028830 	 -0.000000 	 0.251129 
   3.40000 	 1.800000 	 0.025281 	 -0.000000 	 0.237671 
   3.40000 	 1.900000 	 0.022034 	 -0.000000 	 0.224875 
   3.40000 	 2.000000 	 0.019079 	 -0.000000 	 0.212717 
   3.50000 	 0.000000 	 0.122413 	 0.000000 	 0.602600 
   3.50000 	 0.100000 	 0.116640 	 0.000000 	 0.573398 
   3.50000 	 0.200000 	 0.110416 	 0.000000 	 0.545990 
   3.50000 	 0.300000 	 0.104065 	 0.000000 	 0.519676 
   3.50000 	 0.400000 	 0.097653 	 0.000000 	 0.494420 
   3.50000 	 0.500000 	 0.091240 	 0.000000 	 0.470197 
   3.50000 	 0.600000 	 0.084880 	 0.000000 	 0.446980 
   3.50000 	 0.700000 	 0.078625 	 0.000000 	 0.424741 
   3.50000 	 0.800000 	 0.072517 	 0.000000 	 0.403451 
   3.50000 	 0.900000 	 0.066597 	 0.000000 	 0.383085 
   3.50000 	 1.000000 	 0.060898 	 0.000000 	 0.363612 
   3.50000 	 1.100000 	 0.055445 	 0.000000 	 0.345006 
   3.50000 	 1.200000 	 0.050262 	 0.000000 	 0.327239 
   3.50000 	 1.300000 	 0.045362 	 0.000000 	 0.310283 
   3.50000 	 1.400000 	 0.040756 	 0.000000 	 0.294113 
   3.50000 	 1.500000 	 0.036449 	 0.000000 	 0.278698 
   3.50000 	 1.600000 	 0.032443 	 -0.000000 	 0.264014 
   3.50000 	 1.700000 	 0.028735 	 -0.000000 	 0.250035 
   3.50000 	 1.800000 	 0.025318 	 -0.000000 	 0.236734 
   3.50000 	 1.900000 	 0.022184 	 -0.000000 	 0.224085 
   3.50000 	 2.000000 	 0.019323 	 -0.000000 	 0.212063 
   3.60000 	 0.000000 	 0.118622 	 0.000000 	 0.597080 
   3.60000 	 0.100000 	 0.112276 	 0.000000 	 0.568673 
   3.60000 	 0.200000 	 0.106313 	 0.000000 	 0.541540 
   3.60000 	 0.300000 	 0.100258 	 0.000000 	 0.515493 
   3.60000 	 0.400000 	 0.094158 	 0.000000 	 0.490502 
   3.60000 	 0.500000 	 0.088065 	 0.000000 	 0.466539 
   3.60000 	 0.600000 	 0.082029 	 0.000000 	 0.443577 
   3.60000 	 0.700000 	 0.076095 	 0.000000 	 0.421587 
   3.60000 	 0.800000 	 0.070302 	 0.000000 	 0.400540 
   3.60000 	 0.900000 	 0.064685 	 0.000000 	 0.380408 
   3.60000 	 1.000000 	 0.059274 	 0.000000 	 0.361162 
   3.60000 	 1.100000 	 0.054093 	 0.000000 	 0.342775 
   3.60000 	 1.200000 	 0.049161 	 0.000000 	 0.325218 
   3.60000 	 1.300000 	 0.044493 	 0.000000 	 0.308463 
   3.60000 	 1.400000 	 0.040098 	 0.000000 	 0.292482 
   3.60000 	 1.500000 	 0.035980 	 0.000000 	 0.277249 
   3.60000 	 1.600000 	 0.032141 	 0.000000 	 0.262737 
   3.60000 	 1.700000 	 0.028580 	 -0.000000 	 0.248919 
   3.60000 	 1.800000 	 0.025290 	 -0.000000 	 0.235770 
   3.60000 	 1.900000 	 0.022266 	 -0.000000 	 0.223264 
   3.60000 	 2.000000 	 0.019496 	 -0.000000 	 0.211374 
   3.70000 	 0.000000 	 0.113283 	 0.000000 	 0.591051 
   3.70000 	 0.100000 	 0.108152 	 0.000000 	 0.564059 
   3.70000 	 0.200000 	 0.102460 	 0.000000 	 0.537201 
   3.70000 	 0.300000 	 0.096677 	 0.000000 	 0.511409 
   3.70000 	 0.400000 	 0.090862 	 0.000000 	 0.486671 
   3.70000 	 0.500000 	 0.085064 	 0.000000 	 0.462958 
   3.70000 	 0.600000 	 0.079325 	 0.000000 	 0.440241 
   3.70000 	 0.700000 	 0.073685 	 0.000000 	 0.418490 
   3.70000 	 0.800000 	 0.068180 	 0.000000 	 0.397677 
   3.70000 	 0.900000 	 0.062842 	 0.000000 	 0.377771 
   3.70000 	 1.000000 	 0.057697 	 0.000000 	 0.358744 
   3.70000 	 1.100000 	 0.052767 	 0.000000 	 0.340567 
   3.70000 	 1.200000 	 0.048070 	 0.000000 	 0.323213 
   3.70000 	 1.300000 	 0.043617 	 0.000000 	 0.306650 
   3.70000 	 1.400000 	 0.039418 	 0.000000 	 0.290854 
   3.70000 	 1.500000 	 0.035478 	 0.000000 	 0.275796 
   3.70000 	 1.600000 	 0.031797 	 0.000000 	 0.261450 
   3.70000 	 1.700000 	 0.028376 	 0.000000 	 0.247789 
   3.70000 	 1.800000 	 0.025208 	 -0.000000 	 0.234786 
   3.70000 	 1.900000 	 0.022289 	 -0.000000 	 0.222418 
   3.70000 	 2.000000 	 0.019609 	 -0.000000 	 0.210657 
   3.80000 	 0.000000 	 0.109670 	 0.000000 	 0.588407 
   3.80000 	 0.100000 	 0.104302 	 0.000000 	 0.559626 
   3.80000 	 0.200000 	 0.098836 	 0.000000 	 0.532976 
   3.80000 	 0.300000 	 0.093305 	 0.000000 	 0.507427 
   3.80000 	 0.400000 	 0.087754 	 0.000000 	 0.482931 
   3.80000 	 0.500000 	 0.082225 	 0.000000 	 0.459458 
   3.80000 	 0.600000 	 0.076758 	 0.000000 	 0.436976 
   3.80000 	 0.700000 	 0.071389 	 0.000000 	 0.415456 
   3.80000 	 0.800000 	 0.066150 	 0.000000 	 0.394868 
   3.80000 	 0.900000 	 0.061069 	 0.000000 	 0.375180 
   3.80000 	 1.000000 	 0.056170 	 0.000000 	 0.356363 
   3.80000 	 1.100000 	 0.051472 	 0.000000 	 0.338389 
   3.80000 	 1.200000 	 0.046991 	 0.000000 	 0.321229 
   3.80000 	 1.300000 	 0.042739 	 0.000000 	 0.304853 
   3.80000 	 1.400000 	 0.038724 	 0.000000 	 0.289235 
   3.80000 	 1.500000 	 0.034950 	 0.000000 	 0.274346 
   3.80000 	 1.600000 	 0.031420 	 0.000000 	 0.260159 
   3.80000 	 1.700000 	 0.028131 	 0.000000 	 0.246649 
   3.80000 	 1.800000 	 0.025080 	 0.000000 	 0.233789 
   3.80000 	 1.900000 	 0.022262 	 0.000000 	 0.221553 
   3.80000 	 2.000000 	 0.019669 	 -0.000000 	 0.209918 
   3.90000 	 0.000000 	 0.106252 	 0.000000 	 0.582477 
   3.90000 	 0.100000 	 0.100684 	 0.000000 	 0.555262 
   3.90000 	 0.200000 	 0.095426 	 0.000000 	 0.528864 
   3.90000 	 0.300000 	 0.090126 	 0.000000 	 0.503548 
   3.90000 	 0.400000 	 0.084817 	 0.000000 	 0.479286 
   3.90000 	 0.500000 	 0.079537 	 0.000000 	 0.456043 
   3.90000 	 0.600000 	 0.074321 	 0.000000 	 0.433788 
   3.90000 	 0.700000 	 0.069202 	 0.000000 	 0.412490 
   3.90000 	 0.800000 	 0.064208 	 0.000000 	 0.392116 
   3.90000 	 0.900000 	 0.059364 	 0.000000 	 0.372638 
   3.90000 	 1.000000 	 0.054692 	 0.000000 	 0.354024 
   3.90000 	 1.100000 	 0.050209 	 0.000000 	 0.336245 
   3.90000 	 1.200000 	 0.045930 	 0.000000 	 0.319272 
   3.90000 	 1.300000 	 0.041865 	 0.000000 	 0.303076 
   3.90000 	 1.400000 	 0.038022 	 0.000000 	 0.287628 
   3.90000 	 1.500000 	 0.034405 	 0.000000 	 0.272902 
   3.90000 	 1.600000 	 0.031016 	 0.000000 	 0.258870 
   3.90000 	 1.700000 	 0.027853 	 0.000000 	 0.245506 
   3.90000 	 1.800000 	 0.024914 	 0.000000 	 0.232783 
   3.90000 	 1.900000 	 0.022193 	 0.000000 	 0.220677 
   3.90000 	 2.000000 	 0.019684 	 0.000000 	 0.209162 
   4.00000 	 0.000000 	 0.101684 	 0.000000 	 0.577660 
   4.00000 	 0.100000 	 0.097250 	 0.000000 	 0.551032 
   4.00000 	 0.200000 	 0.092211 	 0.000000 	 0.524866 
   4.00000 	 0.300000 	 0.087126 	 0.000000 	 0.499776 
   4.00000 	 0.400000 	 0.082041 	 0.000000 	 0.475738 
   4.00000 	 0.500000 	 0.076991 	 0.000000 	 0.452717 
   4.00000 	 0.600000 	 0.072007 	 0.000000 	 0.430679 
   4.00000 	 0.700000 	 0.067118 	 0.000000 	 0.409594 
   4.00000 	 0.800000 	 0.062350 	 0.000000 	 0.389428 
   4.00000 	 0.900000 	 0.057725 	 0.000000 	 0.370151 
   4.00000 	 1.000000 	 0.053263 	 0.000000 	 0.351732 
   4.00000 	 1.100000 	 0.048980 	 0.000000 	 0.334140 
   4.00000 	 1.200000 	 0.044889 	 0.000000 	 0.317347 
   4.00000 	 1.300000 	 0.040999 	 0.000000 	 0.301323 
   4.00000 	 1.400000 	 0.037317 	 0.000000 	 0.286040 
   4.00000 	 1.500000 	 0.033848 	 0.000000 	 0.271471 
   4.00000 	 1.600000 	 0.030591 	 0.000000 	 0.257587 
   4.00000 	 1.700000 	 0.027548 	 0.000000 	 0.244363 
   4.00000 	 1.800000 	 0.024715 	 0.000000 	 0.231773 
   4.00000 	 1.900000 	 0.022088 	 0.000000 	 0.219792 
   4.00000 	 2.000000 	 0.019660 	 0.000000 	 0.208394 
