1.6716698312049527272	3.3491209956718975315	6.7453142668137849695	13.897193564444382660	83.463167864711457465	24.709741382437418266	62.636428294723799330	146.59575692033582252
1.6633163934625095014	3.3325782889789372037	6.7136031095056942650	13.846807094033838409	80.684622270341608660	24.756823084250128810	3624.9504198182615030	1325.6509280031690252
1.6543205668098797699	3.3147182426954591607	6.6789813075250373630	13.787787215265756437	78.094574480048738145	537.60570056888618850	1445.0900765128226679	709.05869110393434610
1.6446041160952046339	3.2953810481693685095	6.6411005495191674275	13.719134298106584391	75.684665383700224115	29.967060767556540575	581.49383840813861800	469.42744207395361590
1.6340772912959251958	3.2743840322134835746	6.5995687619892694695	13.639809051099844306	73.443002915090761930	30.378213335655587566	359.18718917041438153	344.31940781507641120
1.6226369750548974259	3.2515180879192482382	6.5539442571160897810	13.548739155711681310	71.356264726967145340	30.835080098632325224	261.02560321414187566	268.82412288983734354
1.6101646031821363022	3.2265436885248439278	6.5037293232545143445	13.444824428912758719	69.411242545354466925	31.346470962071183032	207.68211501201964398	218.77707234153138570
1.5965239082759105957	3.1991865924628671608	6.4483635113979109395	13.918651787254324075	67.595953620077139265	31.923703239430207389	304.36485017764268245	183.15615162173963760
1.6048437967285943512	3.2227237968900235949	6.5537480367143666700	14.130130978296690476	65.900489239239360175	32.581515356025353596	297.44972115529691380	156.41502734764126582
1.6222442863135144680	3.2583477636217495652	6.6320740785488509860	14.366632345080939704	64.317779006146127280	33.339343817328109991	291.28320426819913677	135.59797284890770314
1.6423204605460084792	3.2994138750234161777	6.7220311042530749360	14.632458809693692812	62.844453910957941110	34.223054267218731803	285.68774605524059272	119.01056572389275012
1.6656814474045445542	3.3471642480477535608	6.8262874403679442400	14.932953317897232650	40.783604933117054748	35.267081303257438596	280.53401177934873912	105.58504249845264606
1.6931097441953715664	3.4031973380097685190	6.9482978228238516970	15.274924489278316033	39.672726404754326224	36.516362465383606654	275.72649295239974622	94.605462402432087835
1.7256149089367251311	3.4695799899146527206	7.0925638169571471680	15.667331524638893292	38.559996813414661025	38.025664832717811387	271.19377713302791725	256.69653915810842210
1.7645004734557817430	3.5489884267358896587	7.2649717491196507300	16.122349623361691886	58.189750902005368925	39.849849163579917556	19391.887996079773050	253.96366002261798464
1.8114412425837627454	3.6448737848670295828	7.4732096259108586975	16.656908617519082079	57.462393017909903200	42.016412471794335560	6336.6050769789388830	251.19718324554419816
1.8685589874355341296	3.7616298909188867173	7.7272320572974073255	17.294678134732047167	57.021920885269067915	271.31633711206515748	3780.4165656575295266	248.40144224662347782
1.9384664076029617164	3.9047047277690680049	8.0396703622082214790	18.068242912817618488	56.975126610689591475	262.16772286197008494	2690.3284896265217788	245.58058305871522444
2.0242204095913182834	4.0805381134439543466	8.4259579876671480665	19.020873238513110372	57.473738640184166825	251.05714589809848384	2086.0860388253449130	242.73855631299619325
2.1290955152096905804	4.2961435689266840720	8.9037808543124103215	20.206856265262147860	58.726818347430647040	238.00374477888803580	1702.0469621666330632	239.87911320260215004
2.2560916122885363080	4.5581512951705207237	9.4913973309670152315	21.688961012182418146	61.011014703783241215	223.73048120497358613	1436.3709929632136678	237.00580458641388916
2.4071864357688612439	4.8713131151443458486	10.204668687470034942	23.531841416455239244	64.671261307077076470	212.09313270790964982	1241.6277106538770256	234.12198253766349432
2.5825492675769690452	5.2368840092348368185	11.053470290182654244	25.791876339826552518	70.105245768949583200	214.96717808074095464	1092.7414126767516725	231.23080376609654377
2.7801111586020556004	5.6516740241185022325	12.039074233799547969	28.506834554999502611	77.736324649916151590	238.97000190104726779	975.20924882257549890	228.33523444806196394
2.9957967951178948604	6.1084146723669095930	13.154045588832562590	31.690314649806456425	87.994348286945604155	278.38219079130121975	880.06024919791709595	225.43805608766651667
3.2243428019235225730	6.5973323280944642110	14.384785778278966690	35.333695941888968486	101.32483783367854987	332.14782378471020921	801.44742012397441580	222.54187210599941867
3.4602953139876378606	7.1081329644234035385	15.715304642973510544	39.413906572793767311	118.23324399107227995	404.75985467158471074	735.39684510109035960	219.64911491645126198
3.6987851493986851537	7.6315820454996775315	17.130507868067016777	43.902800788295038820	139.36116679532260054	506.49038721543578300	220.33619965057278356	216.76205329426053364
3.9359219341995992086	8.1603374154926998535	18.618125887478486480	48.774781884696177571	165.59634943776548160	658.73956506129892510	217.14954273862519350	213.88279988937138555
4.1688655385282143292	8.6891337483396461650	20.169336999458025038	54.011537674584278000	198.23503944194242506	911.90108506126175820	214.00077223049080049	211.01331876501046382
4.3957107195946770379	9.2145833232776323235	21.778557907810188608	59.604335393371213950	239.24348854532053532	1417.7233109537209228	210.88874225051551948	208.15543287140365288
4.6153009359996254806	9.7348251475162823985	23.442868352874185122	65.554822858836957980	291.71963334037617666	2939.1557485821904136	207.81255108847492151	205.31083138586855164
4.8270398370811521184	10.249162076089053108	25.161373164877264026	71.875163498935531035	360.78248167393111468	458740.85204982016522	204.77149098608150410	202.48107686806820824
5.0307303551855265115	10.757748511074795038	26.934650643615547286	78.588053909573104250	455.45479437182058236	3079.2003400699216368	201.76500770168004246	199.66761219327232472
5.2264489453568230595	11.261345783257992544	28.764337284336851421	85.726944037148255330	593.14338651969274755	1587.4848593511519414	198.79266788903034899	196.87176723768629244
5.4144522928938153785	11.761141126095226859	30.652848145847379684	93.336645656593789340	812.15616225978845080	1087.2697574954479698	195.85413274472911033	194.09476529880567154
5.5951104162083382205	12.258618805596331125	32.603211352879224398	101.47445794562636025	1216.2500724604115156	836.16621614992536085	192.94913670208529614	191.33772924076934255
5.7688598599974854205	12.755471131295919080	34.618990138541300863	110.21193567352265145	27.820721596748407958	684.91617841395958530	190.07747020037367903	188.60168736017535421
5.9361716116581402300	13.253538709720237368	36.704268001824301685	119.63746078070491772	28.141434100718116166	583.65678705006429450	187.23896575454926450	185.88757897208140446
6.0975295606081643760	13.754771519424073754	38.863677502518113252	129.85984791941511152	4929.0834576370341384	510.99039701909963585	184.43348670454239260	183.19625971917538552
6.2534163948189278520	14.261204429232831822	41.102458721588376304	141.01332529403655952	2021.0031045960064522	456.20850989386116938	181.66091814480933454	180.52850660956500458
6.4043046890844608455	14.774942424018185912	43.426538454239525673	153.26440174132589658	1301.4281944803264297	413.35779536595703348	178.92115963117743426	177.88502279045760810
6.5506515876992760295	15.298152040890103133	45.842625385290026704	166.82139318300307172	974.14764740615626265	378.86416504786951762	176.21411933874730965	175.26644206631090856
6.6928959566612210725	15.833056425135658024	48.358319774447589363	181.94779629881108474	786.36392657128526610	350.45202848991705106	173.53970940594757801	172.67333317093709768
6.8314572184441548635	16.381932077525441614	50.982238683760613535	198.98137147275687268	664.09284117232865650	326.60361915326891687	170.89784224905336077	170.10620380362185022
6.9667353215145816340	16.947105864517565346	53.724159722320042280	218.36192672919172926	577.82100546665746720	306.26772931404482090	168.28842767111298271	167.56550443964487750
7.0991114650010380665	17.530951269595803802	56.595187897880951985	240.67275129233580956	513.45874149381926860	288.69320771348811248	165.71137062125024614	165.05163192571572528
7.2289493169611534760	18.135883232686040714	59.607951678959760270	266.70416638164144222	463.42933608346142428	273.32902299996223776	163.16656948626480284	162.56493287081244749
7.3565965474476739385	18.764351295533896811	62.776835998404323900	297.55426407575723657	423.29579931149434056	259.76178272648613980	160.65391481755203978	160.10570684276790322
7.4823865556344662070	19.418831167104994966	66.118261879298871580	334.79492193822020306	390.28720498096137584	247.67529139625034407	158.17328841356236488	157.67420938071787494
7.6066403110685805805	20.101815246994461912	69.651024857889197270	380.75837227629783140	362.58372606635335040	236.82358036260801972	155.72456269207498103	155.27065483323035684
7.7296682578760097515	20.815803075784472564	73.396707676446912745	439.06048219273817422	338.94069423857160129	227.01244838626561416	153.30760029807527786	152.89521903159485862
7.8517722511114937630	21.563293075698443698	77.380187156302164615	515.62523655471264990	318.47788205058749904	218.08653546765769962	150.92225390247843230	150.54804180737923464
7.9732475089580523390	22.346777242481458926	81.630261194928221540	620.87683750880580425	300.55508292867036022	209.92008643844265842	148.56836615471961820	148.22922936297109074
8.0943845749407798445	23.168740586451969000	86.180430110187837495	775.01597367056656870	284.69539691020488524	202.41023094165477072	146.24576975864272836	145.93885650342043346
8.2154712919842347815	24.031667048892485753	91.069878024643652130	1022.9934172497683371	270.53616794458981558	195.47201441755872993	143.95428764641410092	200.60501281226677230
8.3367947959087912655	24.938053326317117516	96.344716044593738515	1489.1562017389091412	257.79660632758144292	189.03466974576770018	141.69373322956708498	195.02859724322190115
8.4586435404688726285	25.890431554674838239	102.05957175524024144	2691.1718022158087316	246.25583317781498925	183.03878244015149684	139.46391070991092500	189.69881356502090751
8.5813093697482722440	26.891401220613630798	108.27964226442528378	12973.022883619161887	235.73763347385115540	177.43410904604186016	137.26461543604638344	184.59916080335124912
8.7050896569852385615	27.943670090809836408	115.08337573644301254	4704.6377884013637732	226.09964277359129569	172.17787956782571487	135.09563429372919110	179.71459553689063436
8.8302895319582484800	29.050103499324943680	122.56601710027081455	2008.6426669649190944	217.22553339229551752	167.23346306156155584	132.95674612039944304	175.03137483776675238
8.9572242221195781445	30.213781096964794180	130.84436043787441476	1283.2639773097282792	62.575665826717411380	162.56930884697200696	130.84772213592305579	170.53691905826043852
9.0862215358749895770	31.438060189510627407	140.06321512128022436	945.87157833260210535	201.40083817686388053	158.15809912058953460	128.76832638302999432	166.21969159916016434
9.2176245199035898245	32.726645067245422719	150.40435196119318534	750.67853271550968520	194.30297967961486540	153.97606530956941812	126.71831617213223000	162.06909325817000922
9.3517943263021733760	34.083662211734167635	162.09911404074024415	623.31419688248148505	187.66873559132821424	150.00243240876637894	124.69744252620276074	158.07536913724821518
9.4891133297180477215	35.513741895001856274	175.44657116288204603	533.57440248208312375	181.44951156945640130	146.21896420224076554	122.70545062222893865	154.22952640173325503
9.6299885395844776335	37.022107402858553337	190.84028496975783452	466.87327892072649386	175.60357525341865866	142.60958863841352840	120.74208022644647490	150.52326144426559407
9.7748553581583249100	38.614673880379461510	208.80885766586549624	415.30363594806503661	170.09486646040743350	139.16008735984683055	118.80706612113776566	146.94889522289804029
9.9241817413227135930	40.298159604667561194	230.07932249877170448	374.20688601081301578	164.89204810474777472	135.85783693844458466	116.90013852125865898	143.49931572343680209
10.078472826067590382	42.080213360000817244	255.67994230567963200	340.66002752501205526	159.96774278694741570	132.69159205404757638	115.02102347955730852	140.16792664740831796
10.238276096155583755	43.969562574337439488	287.11430112510998554	312.73619155357265468	155.29791393262218034	129.65130290583444082	113.16944327918053636	136.94860155428907308
10.404187165599523238	45.976188052233252428	326.67191086199387580	289.11356428230261774	150.86136045120211566	126.72796072454629924	111.34511681303816812	133.83564279396039445
10.576856267985262584	48.111532614170520334	378.01899908779291759	268.85514212060568095	146.63930127271998825	123.91346647745479414	109.54775994942330704	130.82374465616248966
10.756995547963176387	50.388752867174231645	447.41650871607279471	251.27816612222527952	142.61503158812125036	121.20051881363470358	107.77708588357417161	127.90796024079712618
10.945387258754487783	52.823025874773803815	546.50918145304379275	235.87334133784959795	138.77363670371581220	118.58251804829644215	106.03280547501737619	125.08367161853706500
11.142892975283088553	55.431925923554570970	699.69747007448984225	222.25301734668744346	135.10175250099509626	116.05348357917724610	104.31462757065878106	122.34656290720721990
11.350463935089091882	58.235891260606627310	968.19071541324775650	210.11689928308661663	131.58736383613392608	113.60798260091187452	102.62225931369080794	119.69259593734389292
11.569152616419517238	61.258807121222466650	1561.4434868961192166	199.22873956161759086	128.21963401010501828	111.24106836182976218	100.95540643846820918	117.11798822148455746
11.800125651927382680	64.528740341772906850	3974.7627772318290966	189.40011554633361272	124.98875982844494671	108.94822651224741532	99.313773551570889015	114.61919297714510897
12.044678153348191748	68.078873496909595135	7462.5716304506741930	180.47890105775859292	121.88584784994634801	106.72532833974235518	97.697064399325190070	112.19288098398091694
12.304249482318318120	71.948704540988538690	1935.5924366386572472	172.34092005647800802	118.90280826993607023	104.56858988721362896	96.104982122096335660	109.83592408203401682
12.580440438931998860	76.185604040240120555	1115.3161789442549138	164.88380275602856126	116.03226355124680385	102.47453611314478594	94.537229495696362980	107.54538014085376598
12.875031745551096214	80.846860455166498280	784.81694351416557055	158.02239464036733280	113.26746944556084670	100.43996938771574490	92.993509160275494070	105.31847934915630349
13.190003571469205023	86.002401314319870745	606.19820254905291990	151.68527893200951934	110.60224647043168772	98.461941729009335735	91.473523837081819960	103.15261169199188168
13.527555668457053464	91.738465570863632245	494.27024607017056864	145.81210966328916675	108.03092024644133921	96.537730275061289960	89.976976533485556220	101.04531549748374886
13.890127466626649241	98.162638531286600055	417.51935575312277654	140.35154312345163784	105.54826937255625885	94.664815563504201930	88.503570736670921130	98.994266948396745185
14.280417222406836570	105.41087753327801372	361.58574683077096367	135.25961666872235530	103.14947973958491347	92.840862253920531315	87.053010596401699185	96.997270465350232450
14.701399039928008709	113.65751092376596428	318.98982764967658340	130.49846592442149367	100.83010436237682392	91.063701981039351695	85.625001097266460455	95.052249878631290120
15.156336352788217004	123.12978922711174448	285.45233810737281783	126.03530072531581256	98.586027959331517870	89.331318071429161385	84.219248220806783595	93.157240314480242040
15.648790337056400322	134.12960433331594432	258.34806387656695656	121.84158087283159882	96.413435629396666110	87.641831893842633470	82.835459097927157250	91.310380729573819355
16.182621846871334528	147.06686412904027764	235.97708311841476726	117.89234764058112384	94.308785077133370395	85.993490645065065460	81.473342151978916240	89.509907034360567745
16.761985966923175620	162.51253603359354170	217.19010818254488592	114.16567772898011309	92.268781919649928460	84.384656399988451080	80.132607232902945120	87.754145752027699615
17.391319304207080212	181.28635537042691490	201.18223273002996850	110.64223426600696488	90.290357678460909375	82.813796277479878900	78.812965742807236900	86.041508165300995285
18.075321776474098544	204.60885821789265287	187.37292632848495769	107.30489530150152792	88.370650117176592595	81.279473593094362025	77.514130753345968465	84.370484908087906590
18.818936838322226836	234.38043958640794417	175.33294141350218582	104.13844461934341278	86.506985634422138775	79.780339886339754615	76.235817115256745215	82.739640963244974215
19.627336547058423044	273.73128747269725563	164.73804588937058086	101.12931299647312400	84.696863462180101830	78.315127724482324120	74.977741560402243095	81.147611031550006835
20.505920112730023246	328.20815263397981116	155.33875736964197764	98.265360554191671840	82.937941454181672315	76.882644197156357515	73.739622796651773945	79.593095240344358310
21.460335977490551791	408.66410562829698313	146.93997437078141128	95.535692778966119855	81.228023278127576840	75.481765026617865415	72.521181595927435860	78.074855163330719050
22.496537506088850033	539.59851834099879790	139.38692387797491668	92.930504284223060445	79.565046850284346355	74.111429227617787585	71.322140875728578055	76.591710125710287950
23.620880899670964944	790.43793578583940820	132.55525240990874561	90.440945548738620640	77.947073872100282950	72.770634258778816490	70.142225774437387785	75.142533771257633395
