-0.2602100E+01 -0.10057E+02
-0.2301000E+01 -0.88559E+01
-0.2124900E+01 -0.81550E+01
-0.2000000E+01 -0.76587E+01
-0.1903100E+01 -0.72746E+01
-0.1823900E+01 -0.69615E+01
-0.1757000E+01 -0.66973E+01
-0.1699000E+01 -0.64690E+01
-0.1647800E+01 -0.62681E+01
-0.1602100E+01 -0.60888E+01
-0.1560700E+01 -0.59270E+01
-0.1522900E+01 -0.57797E+01
-0.1488100E+01 -0.56445E+01
-0.1455900E+01 -0.55197E+01
-0.1426000E+01 -0.54038E+01
-0.1397900E+01 -0.52956E+01
-0.1371600E+01 -0.51943E+01
-0.1346800E+01 -0.50991E+01
-0.1323300E+01 -0.50093E+01
-0.1301000E+01 -0.49243E+01
-0.1279800E+01 -0.48438E+01
-0.1259600E+01 -0.47672E+01
-0.1240300E+01 -0.46942E+01
-0.1221800E+01 -0.46246E+01
-0.1204100E+01 -0.45581E+01
-0.1187100E+01 -0.44943E+01
-0.1170700E+01 -0.44332E+01
-0.1154900E+01 -0.43745E+01
-0.1139700E+01 -0.43181E+01
-0.1124900E+01 -0.42637E+01
-0.1110700E+01 -0.42114E+01
-0.1096900E+01 -0.41609E+01
-0.1083500E+01 -0.41121E+01
-0.1070600E+01 -0.40650E+01
-0.1058000E+01 -0.40194E+01
-0.1045800E+01 -0.39753E+01
-0.1033900E+01 -0.39326E+01
-0.1022300E+01 -0.38911E+01
-0.1011000E+01 -0.38510E+01
-0.1000000E+01 -0.38120E+01
-0.9892800E+00 -0.37741E+01
-0.9788100E+00 -0.37373E+01
-0.9685900E+00 -0.37015E+01
-0.9586100E+00 -0.36667E+01
-0.9488500E+00 -0.36329E+01
-0.9393000E+00 -0.35999E+01
-0.9299600E+00 -0.35678E+01
-0.9208200E+00 -0.35366E+01
-0.9118600E+00 -0.35061E+01
-0.9030900E+00 -0.34764E+01
-0.8944900E+00 -0.34474E+01
-0.8860600E+00 -0.34191E+01
-0.8777800E+00 -0.33915E+01
-0.8696700E+00 -0.33645E+01
-0.8617000E+00 -0.33382E+01
-0.8538700E+00 -0.33125E+01
-0.8461900E+00 -0.32874E+01
-0.8386300E+00 -0.32628E+01
-0.8312100E+00 -0.32388E+01
-0.8239100E+00 -0.32153E+01
-0.8167300E+00 -0.31924E+01
-0.8096700E+00 -0.31699E+01
-0.8027200E+00 -0.31479E+01
-0.7958800E+00 -0.31263E+01
-0.7891500E+00 -0.31053E+01
-0.7825200E+00 -0.30846E+01
-0.7759900E+00 -0.30644E+01
-0.7695500E+00 -0.30445E+01
-0.7632100E+00 -0.30251E+01
-0.7569600E+00 -0.30060E+01
-0.7508000E+00 -0.29873E+01
-0.7447300E+00 -0.29690E+01
-0.7387400E+00 -0.29510E+01
-0.7328300E+00 -0.29333E+01
-0.7270000E+00 -0.29160E+01
-0.7212500E+00 -0.28989E+01
-0.7155700E+00 -0.28822E+01
-0.7099700E+00 -0.28657E+01
-0.7044300E+00 -0.28496E+01
-0.6989700E+00 -0.28337E+01
-0.6935700E+00 -0.28180E+01
-0.6882500E+00 -0.28026E+01
-0.6829800E+00 -0.27875E+01
-0.6777800E+00 -0.27725E+01
-0.6726400E+00 -0.27578E+01
-0.6675600E+00 -0.27433E+01
-0.6625400E+00 -0.27290E+01
-0.6575800E+00 -0.27149E+01
-0.6526700E+00 -0.27010E+01
-0.6478200E+00 -0.26872E+01
-0.6430200E+00 -0.26736E+01
-0.6382700E+00 -0.26602E+01
-0.6335800E+00 -0.26469E+01
-0.6289300E+00 -0.26337E+01
-0.6243400E+00 -0.26207E+01
-0.6197900E+00 -0.26078E+01
-0.6152900E+00 -0.25950E+01
-0.6108300E+00 -0.25823E+01
-0.6064200E+00 -0.25697E+01
-0.6020600E+00 -0.25572E+01
-0.5977400E+00 -0.25447E+01
-0.5934600E+00 -0.25324E+01
-0.5892200E+00 -0.25200E+01
-0.5850300E+00 -0.25078E+01
-0.5808700E+00 -0.24956E+01
-0.5767500E+00 -0.24834E+01
-0.5726800E+00 -0.24712E+01
-0.5686400E+00 -0.24591E+01
-0.5646300E+00 -0.24470E+01
-0.5606700E+00 -0.24349E+01
-0.5567400E+00 -0.24228E+01
-0.5528400E+00 -0.24107E+01
-0.5489800E+00 -0.23986E+01
-0.5451600E+00 -0.23865E+01
-0.5413600E+00 -0.23744E+01
-0.5376000E+00 -0.23622E+01
-0.5338700E+00 -0.23500E+01
-0.5301800E+00 -0.23378E+01
-0.5265100E+00 -0.23256E+01
-0.5228800E+00 -0.23133E+01
-0.5192700E+00 -0.23010E+01
-0.5157000E+00 -0.22886E+01
-0.5121500E+00 -0.22762E+01
-0.5086400E+00 -0.22638E+01
-0.5051500E+00 -0.22513E+01
-0.5016900E+00 -0.22388E+01
-0.4982600E+00 -0.22263E+01
-0.4948500E+00 -0.22137E+01
-0.4914700E+00 -0.22011E+01
-0.4881200E+00 -0.21885E+01
-0.4847900E+00 -0.21759E+01
-0.4814900E+00 -0.21632E+01
-0.4782100E+00 -0.21506E+01
-0.4749600E+00 -0.21379E+01
-0.4717300E+00 -0.21253E+01
-0.4685200E+00 -0.21126E+01
-0.4653400E+00 -0.21000E+01
-0.4621800E+00 -0.20875E+01
-0.4590500E+00 -0.20750E+01
-0.4559300E+00 -0.20626E+01
-0.4528400E+00 -0.20502E+01
-0.4497700E+00 -0.20380E+01
-0.4467200E+00 -0.20258E+01
-0.4437000E+00 -0.20139E+01
-0.4406900E+00 -0.20020E+01
-0.4377100E+00 -0.19904E+01
-0.4347400E+00 -0.19790E+01
-0.4318000E+00 -0.19679E+01
-0.4288700E+00 -0.19570E+01
-0.4259700E+00 -0.19464E+01
-0.4230800E+00 -0.19362E+01
-0.4202200E+00 -0.19265E+01
-0.4173700E+00 -0.19172E+01
-0.4145400E+00 -0.19085E+01
-0.4117300E+00 -0.19004E+01
-0.4089400E+00 -0.18930E+01
-0.4061600E+00 -0.18865E+01
-0.4034000E+00 -0.18810E+01
-0.4006600E+00 -0.18766E+01
-0.3979400E+00 -0.18737E+01
-0.3952300E+00 -0.18725E+01
-0.3925400E+00 -0.18735E+01
-0.3898700E+00 -0.18772E+01
-0.3872200E+00 -0.18847E+01
-0.3845800E+00 -0.18974E+01
-0.3819500E+00 -0.19182E+01
-0.3793400E+00 -0.19533E+01
-0.3767500E+00 -0.20239E+01
-0.3741700E+00 -0.21969E+01
-0.3716100E+00 -0.21876E+01
-0.3690600E+00 -0.21784E+01
-0.3665300E+00 -0.21692E+01
-0.3640100E+00 -0.21602E+01
-0.3615100E+00 -0.21513E+01
-0.3590200E+00 -0.21424E+01
-0.3565500E+00 -0.21336E+01
-0.3540900E+00 -0.21250E+01
-0.3516400E+00 -0.21164E+01
-0.3492100E+00 -0.21078E+01
-0.3467900E+00 -0.20994E+01
-0.3443800E+00 -0.20911E+01
-0.3419900E+00 -0.20828E+01
-0.3396100E+00 -0.20746E+01
-0.3372400E+00 -0.20665E+01
-0.3348900E+00 -0.20585E+01
-0.3325500E+00 -0.20505E+01
-0.3302200E+00 -0.20426E+01
-0.3279000E+00 -0.20348E+01
-0.3256000E+00 -0.20271E+01
-0.3233100E+00 -0.20194E+01
-0.3210300E+00 -0.20119E+01
-0.3187600E+00 -0.20043E+01
-0.3165000E+00 -0.19969E+01
-0.3142600E+00 -0.19895E+01
-0.3120300E+00 -0.19822E+01
-0.3098000E+00 -0.19750E+01
-0.3075900E+00 -0.19678E+01
-0.3053900E+00 -0.19607E+01
-0.3032100E+00 -0.19537E+01
-0.3010300E+00 -0.19467E+01
-0.2988600E+00 -0.19398E+01
-0.2967100E+00 -0.19330E+01
-0.2945600E+00 -0.19262E+01
-0.2924300E+00 -0.19195E+01
-0.2903100E+00 -0.19128E+01
-0.2881900E+00 -0.19062E+01
-0.2860900E+00 -0.18996E+01
-0.2840000E+00 -0.18931E+01
-0.2819100E+00 -0.18867E+01
-0.2798400E+00 -0.18803E+01
-0.2777800E+00 -0.18740E+01
-0.2757200E+00 -0.18677E+01
-0.2736800E+00 -0.18615E+01
-0.2716500E+00 -0.18553E+01
-0.2696200E+00 -0.18492E+01
-0.2676100E+00 -0.18431E+01
-0.2656000E+00 -0.18371E+01
-0.2636000E+00 -0.18311E+01
-0.2616200E+00 -0.18251E+01
-0.2596400E+00 -0.18192E+01
-0.2576700E+00 -0.18134E+01
-0.2557100E+00 -0.18076E+01
-0.2537600E+00 -0.18018E+01
-0.2518100E+00 -0.17961E+01
-0.2498800E+00 -0.17904E+01
-0.2479500E+00 -0.17847E+01
-0.2460300E+00 -0.17791E+01
-0.2441300E+00 -0.17735E+01
-0.2422200E+00 -0.17679E+01
-0.2403300E+00 -0.17624E+01
-0.2384500E+00 -0.17569E+01
-0.2365700E+00 -0.17515E+01
-0.2347000E+00 -0.17460E+01
-0.2328400E+00 -0.17406E+01
-0.2309900E+00 -0.17353E+01
-0.2291500E+00 -0.17299E+01
-0.2273100E+00 -0.17246E+01
-0.2254800E+00 -0.17193E+01
-0.2236600E+00 -0.17140E+01
-0.2218500E+00 -0.17087E+01
-0.2200400E+00 -0.17035E+01
-0.2182400E+00 -0.16983E+01
-0.2164500E+00 -0.16931E+01
-0.2146700E+00 -0.16879E+01
-0.2128900E+00 -0.16827E+01
-0.2111200E+00 -0.16776E+01
-0.2093600E+00 -0.16724E+01
-0.2076100E+00 -0.16673E+01
-0.2058600E+00 -0.16622E+01
-0.2041200E+00 -0.16570E+01
-0.2023900E+00 -0.16519E+01
-0.2006600E+00 -0.16468E+01
-0.1989400E+00 -0.16417E+01
-0.1972300E+00 -0.16366E+01
-0.1955200E+00 -0.16315E+01
-0.1938200E+00 -0.16264E+01
-0.1921300E+00 -0.16214E+01
-0.1904400E+00 -0.16163E+01
-0.1887600E+00 -0.16112E+01
-0.1870900E+00 -0.16061E+01
-0.1854200E+00 -0.16010E+01
-0.1837600E+00 -0.15959E+01
-0.1821000E+00 -0.15908E+01
-0.1804600E+00 -0.15856E+01
-0.1788100E+00 -0.15805E+01
-0.1771800E+00 -0.15754E+01
-0.1755500E+00 -0.15702E+01
-0.1739300E+00 -0.15651E+01
-0.1723100E+00 -0.15599E+01
-0.1707000E+00 -0.15547E+01
-0.1690900E+00 -0.15496E+01
-0.1674900E+00 -0.15443E+01
-0.1659000E+00 -0.15391E+01
-0.1643100E+00 -0.15339E+01
-0.1627300E+00 -0.15286E+01
-0.1611500E+00 -0.15234E+01
-0.1595800E+00 -0.15181E+01
-0.1580200E+00 -0.15128E+01
-0.1564600E+00 -0.15075E+01
-0.1549000E+00 -0.15021E+01
-0.1533500E+00 -0.14968E+01
-0.1518100E+00 -0.14914E+01
-0.1502700E+00 -0.14860E+01
-0.1487400E+00 -0.14806E+01
-0.1472200E+00 -0.14751E+01
-0.1456900E+00 -0.14697E+01
-0.1441800E+00 -0.14642E+01
-0.1426700E+00 -0.14587E+01
-0.1411600E+00 -0.14532E+01
-0.1396600E+00 -0.14476E+01
-0.1381700E+00 -0.14421E+01
-0.1366800E+00 -0.14365E+01
-0.1351900E+00 -0.14309E+01
-0.1337100E+00 -0.14253E+01
-0.1322400E+00 -0.14197E+01
-0.1307700E+00 -0.14140E+01
-0.1293000E+00 -0.14084E+01
-0.1278400E+00 -0.14027E+01
-0.1263900E+00 -0.13970E+01
-0.1249400E+00 -0.13913E+01
-0.1234900E+00 -0.13855E+01
-0.1220500E+00 -0.13798E+01
-0.1206200E+00 -0.13740E+01
-0.1191900E+00 -0.13683E+01
-0.1177600E+00 -0.13625E+01
-0.1163400E+00 -0.13567E+01
-0.1149200E+00 -0.13509E+01
-0.1135100E+00 -0.13451E+01
-0.1121000E+00 -0.13393E+01
-0.1107000E+00 -0.13335E+01
-0.1093000E+00 -0.13277E+01
-0.1079100E+00 -0.13218E+01
-0.1065200E+00 -0.13160E+01
-0.1051300E+00 -0.13102E+01
-0.1037500E+00 -0.13044E+01
-0.1023700E+00 -0.12986E+01
-0.1010000E+00 -0.12928E+01
-0.9963300E-01 -0.12870E+01
-0.9826900E-01 -0.12812E+01
-0.9691000E-01 -0.12755E+01
-0.9555500E-01 -0.12697E+01
-0.9420400E-01 -0.12640E+01
-0.9285700E-01 -0.12583E+01
-0.9151500E-01 -0.12526E+01
-0.9017700E-01 -0.12469E+01
-0.8884200E-01 -0.12413E+01
-0.8751200E-01 -0.12357E+01
-0.8618600E-01 -0.12301E+01
-0.8486400E-01 -0.12245E+01
-0.8354600E-01 -0.12190E+01
-0.8223200E-01 -0.12135E+01
-0.8092200E-01 -0.12081E+01
-0.7961600E-01 -0.12027E+01
-0.7831400E-01 -0.11973E+01
-0.7701500E-01 -0.11920E+01
-0.7572100E-01 -0.11868E+01
-0.7443000E-01 -0.11816E+01
-0.7314300E-01 -0.11765E+01
-0.7186000E-01 -0.11714E+01
-0.7058100E-01 -0.11664E+01
-0.6930600E-01 -0.11615E+01
-0.6803400E-01 -0.11566E+01
-0.6676600E-01 -0.11518E+01
-0.6550200E-01 -0.11471E+01
-0.6424100E-01 -0.11425E+01
-0.6298400E-01 -0.11379E+01
-0.6173100E-01 -0.11335E+01
-0.6048100E-01 -0.11291E+01
-0.5923500E-01 -0.11248E+01
-0.5799200E-01 -0.11207E+01
-0.5675300E-01 -0.11166E+01
-0.5551700E-01 -0.11126E+01
-0.5428500E-01 -0.11088E+01
-0.5305700E-01 -0.11051E+01
-0.5183200E-01 -0.11015E+01
-0.5061000E-01 -0.10980E+01
-0.4939200E-01 -0.10947E+01
-0.4817700E-01 -0.10914E+01
-0.4696600E-01 -0.10884E+01
-0.4575800E-01 -0.10855E+01
-0.4455300E-01 -0.10827E+01
-0.4335100E-01 -0.10801E+01
-0.4215300E-01 -0.10776E+01
-0.4095900E-01 -0.10754E+01
-0.3976700E-01 -0.10733E+01
-0.3857900E-01 -0.10714E+01
-0.3739400E-01 -0.10696E+01
-0.3621200E-01 -0.10681E+01
-0.3503400E-01 -0.10668E+01
-0.3385800E-01 -0.10657E+01
-0.3268600E-01 -0.10648E+01
-0.3151700E-01 -0.10641E+01
-0.3035100E-01 -0.10636E+01
-0.2918800E-01 -0.10635E+01
-0.2802900E-01 -0.10635E+01
-0.2687200E-01 -0.10638E+01
-0.2571900E-01 -0.10644E+01
-0.2456800E-01 -0.10653E+01
-0.2342100E-01 -0.10664E+01
-0.2227600E-01 -0.10679E+01
-0.2113500E-01 -0.10697E+01
-0.1999700E-01 -0.10718E+01
-0.1886100E-01 -0.10742E+01
-0.1772900E-01 -0.10770E+01
-0.1659900E-01 -0.10801E+01
-0.1547300E-01 -0.10836E+01
-0.1434900E-01 -0.10875E+01
-0.1322800E-01 -0.10918E+01
-0.1211000E-01 -0.10964E+01
-0.1099500E-01 -0.11016E+01
-0.9883200E-02 -0.11071E+01
-0.8773900E-02 -0.11131E+01
-0.7667500E-02 -0.11195E+01
-0.6563800E-02 -0.11264E+01
-0.5462900E-02 -0.11338E+01
-0.4364800E-02 -0.11417E+01
-0.3269500E-02 -0.11500E+01
-0.2176900E-02 -0.11588E+01
-0.1087100E-02 -0.11680E+01
-0.9707200E-08 -0.11777E+01
 0.1084400E-02 -0.11878E+01
 0.2166100E-02 -0.11982E+01
 0.3245000E-02 -0.12089E+01
 0.4321400E-02 -0.12198E+01
 0.5395000E-02 -0.12307E+01
 0.6466000E-02 -0.12415E+01
 0.7534400E-02 -0.12518E+01
 0.8600200E-02 -0.12613E+01
 0.9663300E-02 -0.12694E+01
 0.1072400E-01 -0.12751E+01
 0.1178200E-01 -0.12755E+01
 0.1283700E-01 -0.12721E+01
 0.1389000E-01 -0.12688E+01
 0.1494000E-01 -0.12655E+01
 0.1598800E-01 -0.12622E+01
 0.1703300E-01 -0.12588E+01
 0.1807600E-01 -0.12555E+01
 0.1911600E-01 -0.12521E+01
 0.2015400E-01 -0.12488E+01
 0.2118900E-01 -0.12454E+01
 0.2222200E-01 -0.12420E+01
 0.2325200E-01 -0.12386E+01
 0.2428000E-01 -0.12352E+01
 0.2530600E-01 -0.12318E+01
 0.2632900E-01 -0.12284E+01
 0.2735000E-01 -0.12250E+01
 0.2836800E-01 -0.12216E+01
 0.2938400E-01 -0.12181E+01
 0.3039700E-01 -0.12147E+01
 0.3140800E-01 -0.12112E+01
 0.3241700E-01 -0.12077E+01
 0.3342400E-01 -0.12043E+01
 0.3442800E-01 -0.12008E+01
 0.3543000E-01 -0.11972E+01
 0.3642900E-01 -0.11937E+01
 0.3742600E-01 -0.11902E+01
 0.3842100E-01 -0.11867E+01
 0.3941400E-01 -0.11831E+01
 0.4040500E-01 -0.11795E+01
 0.4139300E-01 -0.11760E+01
 0.4237900E-01 -0.11724E+01
 0.4336200E-01 -0.11688E+01
 0.4434400E-01 -0.11651E+01
 0.4532300E-01 -0.11615E+01
 0.4630000E-01 -0.11579E+01
 0.4727500E-01 -0.11542E+01
 0.4824800E-01 -0.11506E+01
 0.4921800E-01 -0.11469E+01
 0.5018600E-01 -0.11432E+01
 0.5115300E-01 -0.11395E+01
 0.5211700E-01 -0.11358E+01
 0.5307800E-01 -0.11321E+01
 0.5403800E-01 -0.11283E+01
 0.5499600E-01 -0.11246E+01
 0.5595100E-01 -0.11208E+01
 0.5690500E-01 -0.11171E+01
 0.5785600E-01 -0.11133E+01
 0.5880500E-01 -0.11095E+01
 0.5975300E-01 -0.11057E+01
 0.6069800E-01 -0.11019E+01
 0.6164100E-01 -0.10981E+01
 0.6258200E-01 -0.10942E+01
 0.6352100E-01 -0.10904E+01
 0.6445800E-01 -0.10866E+01
 0.6539300E-01 -0.10827E+01
 0.6632600E-01 -0.10789E+01
 0.6725700E-01 -0.10750E+01
 0.6818600E-01 -0.10711E+01
 0.6911300E-01 -0.10672E+01
 0.7003800E-01 -0.10633E+01
 0.7096100E-01 -0.10595E+01
 0.7188200E-01 -0.10556E+01
 0.7280100E-01 -0.10517E+01
 0.7371800E-01 -0.10478E+01
 0.7463400E-01 -0.10439E+01
 0.7554700E-01 -0.10399E+01
 0.7645800E-01 -0.10360E+01
 0.7736800E-01 -0.10321E+01
 0.7827600E-01 -0.10282E+01
 0.7918100E-01 -0.10243E+01
 0.8008500E-01 -0.10204E+01
 0.8098700E-01 -0.10165E+01
 0.8188700E-01 -0.10126E+01
 0.8278500E-01 -0.10087E+01
 0.8368200E-01 -0.10048E+01
 0.8457600E-01 -0.10009E+01
 0.8546900E-01 -0.99697E+00
 0.8636000E-01 -0.99308E+00
 0.8724900E-01 -0.98920E+00
 0.8813600E-01 -0.98532E+00
 0.8902100E-01 -0.98145E+00
 0.8990500E-01 -0.97759E+00
 0.9078700E-01 -0.97374E+00
 0.9166700E-01 -0.96990E+00
 0.9254500E-01 -0.96607E+00
 0.9342200E-01 -0.96226E+00
 0.9429600E-01 -0.95845E+00
 0.9516900E-01 -0.95466E+00
 0.9604100E-01 -0.95088E+00
 0.9691000E-01 -0.94712E+00
 0.9777800E-01 -0.94338E+00
 0.9864400E-01 -0.93965E+00
 0.9950800E-01 -0.93593E+00
 0.1003700E+00 -0.93224E+00
 0.1012300E+00 -0.92857E+00
 0.1020900E+00 -0.92492E+00
 0.1029500E+00 -0.92128E+00
 0.1038000E+00 -0.91767E+00
 0.1046600E+00 -0.91409E+00
 0.1055100E+00 -0.91052E+00
 0.1063600E+00 -0.90699E+00
 0.1072100E+00 -0.90347E+00
 0.1080600E+00 -0.89999E+00
 0.1089000E+00 -0.89653E+00
 0.1097500E+00 -0.89310E+00
 0.1105900E+00 -0.88970E+00
 0.1114300E+00 -0.88633E+00
 0.1122700E+00 -0.88299E+00
 0.1131100E+00 -0.87969E+00
 0.1139400E+00 -0.87641E+00
 0.1147800E+00 -0.87317E+00
 0.1156100E+00 -0.86997E+00
 0.1164400E+00 -0.86680E+00
 0.1172700E+00 -0.86367E+00
 0.1181000E+00 -0.86058E+00
 0.1189300E+00 -0.85752E+00
 0.1197500E+00 -0.85451E+00
 0.1205700E+00 -0.85154E+00
 0.1214000E+00 -0.84860E+00
 0.1222200E+00 -0.84571E+00
 0.1230300E+00 -0.84287E+00
 0.1238500E+00 -0.84006E+00
 0.1246700E+00 -0.83731E+00
 0.1254800E+00 -0.83460E+00
 0.1262900E+00 -0.83193E+00
 0.1271000E+00 -0.82932E+00
 0.1279100E+00 -0.82675E+00
 0.1287200E+00 -0.82423E+00
 0.1295300E+00 -0.82176E+00
 0.1303300E+00 -0.81935E+00
 0.1311400E+00 -0.81698E+00
 0.1319400E+00 -0.81467E+00
 0.1327400E+00 -0.81241E+00
 0.1335400E+00 -0.81021E+00
 0.1343400E+00 -0.80806E+00
 0.1351300E+00 -0.80597E+00
 0.1359300E+00 -0.80394E+00
 0.1367200E+00 -0.80196E+00
 0.1375100E+00 -0.80005E+00
 0.1383000E+00 -0.79819E+00
 0.1390900E+00 -0.79639E+00
 0.1398800E+00 -0.79465E+00
 0.1406700E+00 -0.79297E+00
 0.1414500E+00 -0.79136E+00
 0.1422300E+00 -0.78980E+00
 0.1430100E+00 -0.78831E+00
 0.1438000E+00 -0.78688E+00
 0.1445700E+00 -0.78552E+00
 0.1453500E+00 -0.78422E+00
 0.1461300E+00 -0.78298E+00
 0.1469000E+00 -0.78181E+00
 0.1476800E+00 -0.78071E+00
 0.1484500E+00 -0.77967E+00
 0.1492200E+00 -0.77870E+00
 0.1499900E+00 -0.77779E+00
 0.1507600E+00 -0.77695E+00
 0.1515200E+00 -0.77617E+00
 0.1522900E+00 -0.77546E+00
 0.1530500E+00 -0.77481E+00
 0.1538100E+00 -0.77423E+00
 0.1545800E+00 -0.77372E+00
 0.1553400E+00 -0.77327E+00
 0.1560900E+00 -0.77289E+00
 0.1568500E+00 -0.77256E+00
 0.1576100E+00 -0.77231E+00
 0.1583600E+00 -0.77211E+00
 0.1591200E+00 -0.77197E+00
 0.1598700E+00 -0.77190E+00
 0.1606200E+00 -0.77188E+00
 0.1613700E+00 -0.77193E+00
 0.1621200E+00 -0.77202E+00
 0.1628600E+00 -0.77218E+00
 0.1636100E+00 -0.77238E+00
 0.1643500E+00 -0.77264E+00
 0.1651000E+00 -0.77295E+00
 0.1658400E+00 -0.77330E+00
 0.1665800E+00 -0.77370E+00
 0.1673200E+00 -0.77414E+00
 0.1680600E+00 -0.77461E+00
 0.1687900E+00 -0.77513E+00
 0.1695300E+00 -0.77567E+00
 0.1702600E+00 -0.77624E+00
 0.1709900E+00 -0.77684E+00
 0.1717300E+00 -0.77746E+00
 0.1724600E+00 -0.77809E+00
 0.1731900E+00 -0.77874E+00
 0.1739100E+00 -0.77939E+00
 0.1746400E+00 -0.78005E+00
 0.1753700E+00 -0.78070E+00
 0.1760900E+00 -0.78134E+00
 0.1768100E+00 -0.78197E+00
 0.1775400E+00 -0.78257E+00
 0.1782600E+00 -0.78315E+00
 0.1789800E+00 -0.78370E+00
 0.1797000E+00 -0.78420E+00
 0.1804100E+00 -0.78465E+00
 0.1811300E+00 -0.78505E+00
 0.1818400E+00 -0.78539E+00
 0.1825600E+00 -0.78565E+00
 0.1832700E+00 -0.78584E+00
 0.1839800E+00 -0.78594E+00
 0.1846900E+00 -0.78594E+00
 0.1854000E+00 -0.78585E+00
 0.1861100E+00 -0.78564E+00
 0.1868200E+00 -0.78532E+00
 0.1875200E+00 -0.78488E+00
 0.1882300E+00 -0.78430E+00
 0.1889300E+00 -0.78358E+00
 0.1896300E+00 -0.78272E+00
 0.1903300E+00 -0.78171E+00
 0.1910300E+00 -0.78055E+00
 0.1917300E+00 -0.77922E+00
 0.1924300E+00 -0.77773E+00
 0.1931200E+00 -0.77608E+00
 0.1938200E+00 -0.77426E+00
 0.1945100E+00 -0.77227E+00
 0.1952100E+00 -0.77011E+00
 0.1959000E+00 -0.76780E+00
 0.1965900E+00 -0.76532E+00
 0.1972800E+00 -0.76270E+00
 0.1979700E+00 -0.75993E+00
 0.1986600E+00 -0.75703E+00
 0.1993400E+00 -0.75402E+00
 0.2000300E+00 -0.75091E+00
 0.2007100E+00 -0.74773E+00
 0.2014000E+00 -0.74450E+00
 0.2020800E+00 -0.74124E+00
 0.2027600E+00 -0.73801E+00
 0.2034400E+00 -0.73483E+00
 0.2041200E+00 -0.73177E+00
 0.2048000E+00 -0.72889E+00
 0.2054800E+00 -0.72625E+00
 0.2061500E+00 -0.72396E+00
 0.2068300E+00 -0.72213E+00
 0.2075000E+00 -0.72090E+00
 0.2081700E+00 -0.72047E+00
 0.2088400E+00 -0.72110E+00
 0.2095200E+00 -0.72315E+00
 0.2101800E+00 -0.72718E+00
 0.2108500E+00 -0.73413E+00
 0.2115200E+00 -0.74581E+00
 0.2121900E+00 -0.76698E+00
 0.2128500E+00 -0.83366E+00
 0.2135200E+00 -0.83072E+00
 0.2141800E+00 -0.82778E+00
 0.2148400E+00 -0.82485E+00
 0.2155100E+00 -0.82192E+00
 0.2161700E+00 -0.81900E+00
 0.2168300E+00 -0.81608E+00
 0.2174800E+00 -0.81318E+00
 0.2181400E+00 -0.81028E+00
 0.2188000E+00 -0.80738E+00
 0.2194500E+00 -0.80450E+00
 0.2201100E+00 -0.80162E+00
 0.2207600E+00 -0.79876E+00
 0.2214100E+00 -0.79590E+00
 0.2220700E+00 -0.79305E+00
 0.2227200E+00 -0.79022E+00
 0.2233700E+00 -0.78739E+00
 0.2240100E+00 -0.78458E+00
 0.2246600E+00 -0.78178E+00
 0.2253100E+00 -0.77899E+00
 0.2259600E+00 -0.77621E+00
 0.2266000E+00 -0.77344E+00
 0.2272400E+00 -0.77069E+00
 0.2278900E+00 -0.76795E+00
 0.2285300E+00 -0.76523E+00
 0.2291700E+00 -0.76252E+00
 0.2298100E+00 -0.75983E+00
 0.2304500E+00 -0.75715E+00
 0.2310900E+00 -0.75449E+00
 0.2317200E+00 -0.75184E+00
 0.2323600E+00 -0.74921E+00
 0.2330000E+00 -0.74660E+00
 0.2336300E+00 -0.74401E+00
 0.2342600E+00 -0.74143E+00
 0.2349000E+00 -0.73887E+00
 0.2355300E+00 -0.73633E+00
 0.2361600E+00 -0.73381E+00
 0.2367900E+00 -0.73131E+00
 0.2374200E+00 -0.72883E+00
 0.2380500E+00 -0.72637E+00
 0.2386700E+00 -0.72393E+00
 0.2393000E+00 -0.72151E+00
 0.2399200E+00 -0.71911E+00
 0.2405500E+00 -0.71674E+00
 0.2411700E+00 -0.71439E+00
 0.2418000E+00 -0.71205E+00
 0.2424200E+00 -0.70975E+00
 0.2430400E+00 -0.70746E+00
 0.2436600E+00 -0.70520E+00
 0.2442800E+00 -0.70296E+00
 0.2449000E+00 -0.70075E+00
 0.2455100E+00 -0.69856E+00
 0.2461300E+00 -0.69639E+00
 0.2467400E+00 -0.69425E+00
 0.2473600E+00 -0.69214E+00
 0.2479700E+00 -0.69005E+00
 0.2485900E+00 -0.68798E+00
 0.2492000E+00 -0.68594E+00
 0.2498100E+00 -0.68393E+00
 0.2504200E+00 -0.68195E+00
 0.2510300E+00 -0.67999E+00
 0.2516400E+00 -0.67806E+00
 0.2522500E+00 -0.67616E+00
 0.2528500E+00 -0.67428E+00
 0.2534600E+00 -0.67243E+00
 0.2540600E+00 -0.67061E+00
 0.2546700E+00 -0.66882E+00
 0.2552700E+00 -0.66705E+00
 0.2558800E+00 -0.66532E+00
 0.2564800E+00 -0.66361E+00
 0.2570800E+00 -0.66193E+00
 0.2576800E+00 -0.66028E+00
 0.2582800E+00 -0.65866E+00
 0.2588800E+00 -0.65706E+00
 0.2594700E+00 -0.65550E+00
 0.2600700E+00 -0.65396E+00
 0.2606700E+00 -0.65245E+00
 0.2612600E+00 -0.65097E+00
 0.2618600E+00 -0.64952E+00
 0.2624500E+00 -0.64810E+00
 0.2630400E+00 -0.64671E+00
 0.2636400E+00 -0.64535E+00
 0.2642300E+00 -0.64401E+00
 0.2648200E+00 -0.64270E+00
 0.2654100E+00 -0.64142E+00
 0.2660000E+00 -0.64017E+00
 0.2665800E+00 -0.63895E+00
 0.2671700E+00 -0.63775E+00
 0.2677600E+00 -0.63659E+00
 0.2683400E+00 -0.63545E+00
 0.2689300E+00 -0.63433E+00
 0.2695100E+00 -0.63325E+00
 0.2701000E+00 -0.63218E+00
 0.2706800E+00 -0.63115E+00
 0.2712600E+00 -0.63014E+00
 0.2718400E+00 -0.62916E+00
 0.2724200E+00 -0.62820E+00
 0.2730000E+00 -0.62726E+00
 0.2735800E+00 -0.62635E+00
 0.2741600E+00 -0.62546E+00
 0.2747300E+00 -0.62459E+00
 0.2753100E+00 -0.62375E+00
 0.2758900E+00 -0.62293E+00
 0.2764600E+00 -0.62213E+00
 0.2770400E+00 -0.62134E+00
 0.2776100E+00 -0.62058E+00
 0.2781800E+00 -0.61984E+00
 0.2787500E+00 -0.61911E+00
 0.2793200E+00 -0.61840E+00
 0.2798900E+00 -0.61771E+00
 0.2804600E+00 -0.61703E+00
 0.2810300E+00 -0.61636E+00
 0.2816000E+00 -0.61571E+00
 0.2821700E+00 -0.61507E+00
 0.2827400E+00 -0.61445E+00
 0.2833000E+00 -0.61383E+00
 0.2838700E+00 -0.61322E+00
 0.2844300E+00 -0.61262E+00
 0.2849900E+00 -0.61202E+00
 0.2855600E+00 -0.61143E+00
 0.2861200E+00 -0.61084E+00
 0.2866800E+00 -0.61026E+00
 0.2872400E+00 -0.60968E+00
 0.2878000E+00 -0.60909E+00
 0.2883600E+00 -0.60851E+00
 0.2889200E+00 -0.60792E+00
 0.2894800E+00 -0.60733E+00
 0.2900300E+00 -0.60673E+00
 0.2905900E+00 -0.60612E+00
 0.2911500E+00 -0.60551E+00
 0.2917000E+00 -0.60488E+00
 0.2922600E+00 -0.60424E+00
 0.2928100E+00 -0.60359E+00
 0.2933600E+00 -0.60293E+00
 0.2939100E+00 -0.60224E+00
 0.2944700E+00 -0.60154E+00
 0.2950200E+00 -0.60081E+00
 0.2955700E+00 -0.60007E+00
 0.2961200E+00 -0.59930E+00
 0.2966700E+00 -0.59850E+00
 0.2972100E+00 -0.59768E+00
 0.2977600E+00 -0.59682E+00
 0.2983100E+00 -0.59594E+00
 0.2988500E+00 -0.59503E+00
 0.2994000E+00 -0.59408E+00
 0.2999400E+00 -0.59309E+00
 0.3004900E+00 -0.59207E+00
 0.3010300E+00 -0.59101E+00
 0.3015700E+00 -0.58992E+00
 0.3021100E+00 -0.58878E+00
 0.3026600E+00 -0.58759E+00
 0.3032000E+00 -0.58637E+00
 0.3037400E+00 -0.58510E+00
 0.3042800E+00 -0.58378E+00
 0.3048100E+00 -0.58242E+00
 0.3053500E+00 -0.58101E+00
 0.3058900E+00 -0.57955E+00
 0.3064300E+00 -0.57804E+00
 0.3069600E+00 -0.57648E+00
 0.3075000E+00 -0.57487E+00
 0.3080300E+00 -0.57321E+00
 0.3085600E+00 -0.57150E+00
 0.3091000E+00 -0.56974E+00
 0.3096300E+00 -0.56792E+00
 0.3101600E+00 -0.56606E+00
 0.3106900E+00 -0.56414E+00
 0.3112200E+00 -0.56218E+00
 0.3117500E+00 -0.56016E+00
 0.3122800E+00 -0.55810E+00
 0.3128100E+00 -0.55599E+00
 0.3133400E+00 -0.55383E+00
 0.3138700E+00 -0.55162E+00
 0.3143900E+00 -0.54938E+00
 0.3149200E+00 -0.54709E+00
 0.3154500E+00 -0.54476E+00
 0.3159700E+00 -0.54239E+00
 0.3164900E+00 -0.53998E+00
 0.3170200E+00 -0.53755E+00
 0.3175400E+00 -0.53508E+00
 0.3180600E+00 -0.53258E+00
 0.3185900E+00 -0.53007E+00
 0.3191100E+00 -0.52752E+00
 0.3196300E+00 -0.52497E+00
 0.3201500E+00 -0.52239E+00
 0.3206700E+00 -0.51981E+00
 0.3211800E+00 -0.51722E+00
 0.3217000E+00 -0.51463E+00
 0.3222200E+00 -0.51205E+00
 0.3227400E+00 -0.50947E+00
 0.3232500E+00 -0.50690E+00
 0.3237700E+00 -0.50435E+00
 0.3242800E+00 -0.50183E+00
 0.3248000E+00 -0.49934E+00
 0.3253100E+00 -0.49688E+00
 0.3258200E+00 -0.49446E+00
 0.3263400E+00 -0.49209E+00
 0.3268500E+00 -0.48977E+00
 0.3273600E+00 -0.48751E+00
 0.3278700E+00 -0.48533E+00
 0.3283800E+00 -0.48321E+00
 0.3288900E+00 -0.48118E+00
 0.3294000E+00 -0.47925E+00
 0.3299100E+00 -0.47740E+00
 0.3304100E+00 -0.47567E+00
 0.3309200E+00 -0.47405E+00
 0.3314300E+00 -0.47255E+00
 0.3319300E+00 -0.47119E+00
 0.3324400E+00 -0.46997E+00
 0.3329400E+00 -0.46890E+00
 0.3334500E+00 -0.46799E+00
 0.3339500E+00 -0.46725E+00
 0.3344500E+00 -0.46669E+00
 0.3349600E+00 -0.46632E+00
 0.3354600E+00 -0.46616E+00
 0.3359600E+00 -0.46620E+00
 0.3364600E+00 -0.46647E+00
 0.3369600E+00 -0.46698E+00
 0.3374600E+00 -0.46773E+00
 0.3379600E+00 -0.46874E+00
 0.3384600E+00 -0.47002E+00
 0.3389500E+00 -0.47158E+00
 0.3394500E+00 -0.47343E+00
 0.3399500E+00 -0.47559E+00
 0.3404400E+00 -0.47806E+00
 0.3409400E+00 -0.48085E+00
 0.3414300E+00 -0.48398E+00
 0.3419300E+00 -0.48744E+00
 0.3424200E+00 -0.49126E+00
 0.3429200E+00 -0.49542E+00
 0.3434100E+00 -0.49994E+00
 0.3439000E+00 -0.50480E+00
 0.3443900E+00 -0.51001E+00
 0.3448800E+00 -0.51554E+00
 0.3453700E+00 -0.52138E+00
 0.3458600E+00 -0.52748E+00
 0.3463500E+00 -0.53380E+00
 0.3468400E+00 -0.54026E+00
 0.3473300E+00 -0.54677E+00
 0.3478200E+00 -0.55318E+00
 0.3483000E+00 -0.55930E+00
 0.3487900E+00 -0.56481E+00
 0.3492800E+00 -0.56924E+00
 0.3497600E+00 -0.57140E+00
 0.3502500E+00 -0.57005E+00
 0.3507300E+00 -0.56869E+00
 0.3512200E+00 -0.56734E+00
 0.3517000E+00 -0.56602E+00
 0.3521800E+00 -0.56470E+00
 0.3526600E+00 -0.56341E+00
 0.3531500E+00 -0.56213E+00
 0.3536300E+00 -0.56087E+00
 0.3541100E+00 -0.55962E+00
 0.3545900E+00 -0.55839E+00
 0.3550700E+00 -0.55717E+00
 0.3555500E+00 -0.55597E+00
 0.3560300E+00 -0.55479E+00
 0.3565000E+00 -0.55362E+00
 0.3569800E+00 -0.55246E+00
 0.3574600E+00 -0.55132E+00
 0.3579300E+00 -0.55019E+00
 0.3584100E+00 -0.54908E+00
 0.3588900E+00 -0.54798E+00
 0.3593600E+00 -0.54689E+00
 0.3598400E+00 -0.54582E+00
 0.3603100E+00 -0.54476E+00
 0.3607800E+00 -0.54372E+00
 0.3612600E+00 -0.54268E+00
 0.3617300E+00 -0.54166E+00
 0.3622000E+00 -0.54065E+00
 0.3626700E+00 -0.53965E+00
 0.3631400E+00 -0.53867E+00
 0.3636100E+00 -0.53769E+00
 0.3640800E+00 -0.53673E+00
 0.3645500E+00 -0.53577E+00
 0.3650200E+00 -0.53482E+00
 0.3654900E+00 -0.53389E+00
 0.3659600E+00 -0.53296E+00
 0.3664200E+00 -0.53204E+00
 0.3668900E+00 -0.53113E+00
 0.3673600E+00 -0.53022E+00
 0.3678200E+00 -0.52933E+00
 0.3682900E+00 -0.52844E+00
 0.3687500E+00 -0.52755E+00
 0.3692200E+00 -0.52667E+00
 0.3696800E+00 -0.52580E+00
 0.3701400E+00 -0.52493E+00
 0.3706100E+00 -0.52406E+00
 0.3710700E+00 -0.52320E+00
 0.3715300E+00 -0.52234E+00
 0.3719900E+00 -0.52148E+00
 0.3724500E+00 -0.52063E+00
 0.3729100E+00 -0.51977E+00
 0.3733700E+00 -0.51892E+00
 0.3738300E+00 -0.51807E+00
 0.3742900E+00 -0.51721E+00
 0.3747500E+00 -0.51636E+00
 0.3752100E+00 -0.51550E+00
 0.3756600E+00 -0.51464E+00
 0.3761200E+00 -0.51377E+00
 0.3765800E+00 -0.51291E+00
 0.3770300E+00 -0.51203E+00
 0.3774900E+00 -0.51115E+00
 0.3779400E+00 -0.51027E+00
 0.3784000E+00 -0.50938E+00
 0.3788500E+00 -0.50848E+00
 0.3793100E+00 -0.50758E+00
 0.3797600E+00 -0.50666E+00
 0.3802100E+00 -0.50574E+00
 0.3806600E+00 -0.50481E+00
 0.3811200E+00 -0.50387E+00
 0.3815700E+00 -0.50291E+00
 0.3820200E+00 -0.50194E+00
 0.3824700E+00 -0.50096E+00
 0.3829200E+00 -0.49997E+00
 0.3833700E+00 -0.49897E+00
 0.3838200E+00 -0.49795E+00
 0.3842600E+00 -0.49691E+00
 0.3847100E+00 -0.49586E+00
 0.3851600E+00 -0.49479E+00
 0.3856100E+00 -0.49371E+00
 0.3860500E+00 -0.49260E+00
 0.3865000E+00 -0.49148E+00
 0.3869400E+00 -0.49034E+00
 0.3873900E+00 -0.48919E+00
 0.3878300E+00 -0.48801E+00
 0.3882800E+00 -0.48681E+00
 0.3887200E+00 -0.48559E+00
 0.3891700E+00 -0.48436E+00
 0.3896100E+00 -0.48310E+00
 0.3900500E+00 -0.48181E+00
 0.3904900E+00 -0.48051E+00
 0.3909400E+00 -0.47918E+00
 0.3913800E+00 -0.47783E+00
 0.3918200E+00 -0.47646E+00
 0.3922600E+00 -0.47507E+00
 0.3927000E+00 -0.47365E+00
 0.3931400E+00 -0.47220E+00
 0.3935800E+00 -0.47074E+00
 0.3940100E+00 -0.46925E+00
 0.3944500E+00 -0.46773E+00
 0.3948900E+00 -0.46619E+00
 0.3953300E+00 -0.46463E+00
 0.3957600E+00 -0.46305E+00
 0.3962000E+00 -0.46144E+00
 0.3966400E+00 -0.45980E+00
 0.3970700E+00 -0.45815E+00
 0.3975100E+00 -0.45647E+00
 0.3979400E+00 -0.45476E+00
 0.3983700E+00 -0.45304E+00
 0.3988100E+00 -0.45129E+00
 0.3992400E+00 -0.44952E+00
 0.3996700E+00 -0.44773E+00
 0.4001100E+00 -0.44592E+00
 0.4005400E+00 -0.44408E+00
 0.4009700E+00 -0.44223E+00
 0.4014000E+00 -0.44036E+00
 0.4018300E+00 -0.43847E+00
 0.4022600E+00 -0.43656E+00
 0.4026900E+00 -0.43464E+00
 0.4031200E+00 -0.43270E+00
 0.4035500E+00 -0.43075E+00
 0.4039800E+00 -0.42878E+00
 0.4044100E+00 -0.42679E+00
 0.4048300E+00 -0.42480E+00
 0.4052600E+00 -0.42279E+00
 0.4056900E+00 -0.42078E+00
 0.4061100E+00 -0.41876E+00
 0.4065400E+00 -0.41672E+00
 0.4069700E+00 -0.41469E+00
 0.4073900E+00 -0.41264E+00
 0.4078200E+00 -0.41060E+00
 0.4082400E+00 -0.40855E+00
 0.4086600E+00 -0.40650E+00
 0.4090900E+00 -0.40445E+00
 0.4095100E+00 -0.40240E+00
 0.4099300E+00 -0.40036E+00
 0.4103600E+00 -0.39832E+00
 0.4107800E+00 -0.39629E+00
 0.4112000E+00 -0.39426E+00
 0.4116200E+00 -0.39225E+00
 0.4120400E+00 -0.39025E+00
 0.4124600E+00 -0.38826E+00
 0.4128800E+00 -0.38629E+00
 0.4133000E+00 -0.38433E+00
 0.4137200E+00 -0.38240E+00
 0.4141400E+00 -0.38048E+00
 0.4145600E+00 -0.37859E+00
 0.4149700E+00 -0.37672E+00
 0.4153900E+00 -0.37488E+00
 0.4158100E+00 -0.37306E+00
 0.4162200E+00 -0.37128E+00
 0.4166400E+00 -0.36952E+00
 0.4170600E+00 -0.36781E+00
 0.4174700E+00 -0.36612E+00
 0.4178900E+00 -0.36448E+00
 0.4183000E+00 -0.36287E+00
 0.4187200E+00 -0.36131E+00
 0.4191300E+00 -0.35979E+00
 0.4195400E+00 -0.35832E+00
 0.4199600E+00 -0.35689E+00
 0.4203700E+00 -0.35551E+00
 0.4207800E+00 -0.35419E+00
 0.4211900E+00 -0.35291E+00
 0.4216000E+00 -0.35169E+00
 0.4220100E+00 -0.35053E+00
 0.4224300E+00 -0.34943E+00
 0.4228400E+00 -0.34839E+00
 0.4232500E+00 -0.34741E+00
 0.4236600E+00 -0.34649E+00
 0.4240600E+00 -0.34564E+00
 0.4244700E+00 -0.34486E+00
 0.4248800E+00 -0.34415E+00
 0.4252900E+00 -0.34350E+00
 0.4257000E+00 -0.34293E+00
 0.4261000E+00 -0.34243E+00
 0.4265100E+00 -0.34201E+00
 0.4269200E+00 -0.34166E+00
 0.4273200E+00 -0.34138E+00
 0.4277300E+00 -0.34119E+00
 0.4281300E+00 -0.34107E+00
 0.4285400E+00 -0.34103E+00
 0.4289400E+00 -0.34107E+00
 0.4293500E+00 -0.34119E+00
 0.4297500E+00 -0.34140E+00
 0.4301600E+00 -0.34168E+00
 0.4305600E+00 -0.34204E+00
 0.4309600E+00 -0.34248E+00
 0.4313600E+00 -0.34301E+00
 0.4317700E+00 -0.34361E+00
 0.4321700E+00 -0.34429E+00
 0.4325700E+00 -0.34504E+00
 0.4329700E+00 -0.34588E+00
 0.4333700E+00 -0.34678E+00
 0.4337700E+00 -0.34776E+00
 0.4341700E+00 -0.34881E+00
 0.4345700E+00 -0.34992E+00
 0.4349700E+00 -0.35110E+00
 0.4353700E+00 -0.35233E+00
 0.4357600E+00 -0.35362E+00
 0.4361600E+00 -0.35497E+00
 0.4365600E+00 -0.35636E+00
 0.4369600E+00 -0.35779E+00
 0.4373500E+00 -0.35926E+00
 0.4377500E+00 -0.36076E+00
 0.4381500E+00 -0.36228E+00
 0.4385400E+00 -0.36382E+00
 0.4389400E+00 -0.36536E+00
 0.4393300E+00 -0.36690E+00
 0.4397300E+00 -0.36844E+00
 0.4401200E+00 -0.36996E+00
 0.4405200E+00 -0.37145E+00
 0.4409100E+00 -0.37290E+00
 0.4413000E+00 -0.37430E+00
 0.4417000E+00 -0.37564E+00
 0.4420900E+00 -0.37691E+00
 0.4424800E+00 -0.37810E+00
 0.4428700E+00 -0.37920E+00
 0.4432600E+00 -0.38019E+00
 0.4436500E+00 -0.38106E+00
 0.4440400E+00 -0.38181E+00
 0.4444400E+00 -0.38242E+00
 0.4448300E+00 -0.38289E+00
 0.4452100E+00 -0.38320E+00
 0.4456000E+00 -0.38334E+00
 0.4459900E+00 -0.38332E+00
 0.4463800E+00 -0.38313E+00
 0.4467700E+00 -0.38276E+00
 0.4471600E+00 -0.38223E+00
 0.4475500E+00 -0.38153E+00
 0.4479300E+00 -0.38068E+00
 0.4483200E+00 -0.37970E+00
 0.4487100E+00 -0.37860E+00
 0.4490900E+00 -0.37741E+00
 0.4494800E+00 -0.37619E+00
 0.4498600E+00 -0.37498E+00
 0.4502500E+00 -0.37384E+00
 0.4506300E+00 -0.37288E+00
 0.4510200E+00 -0.37221E+00
 0.4514000E+00 -0.37199E+00
 0.4517900E+00 -0.37246E+00
 0.4521700E+00 -0.37394E+00
 0.4525500E+00 -0.37695E+00
 0.4529400E+00 -0.38245E+00
 0.4533200E+00 -0.39254E+00
 0.4537000E+00 -0.41681E+00
 0.4540800E+00 -0.43572E+00
 0.4544600E+00 -0.43469E+00
 0.4548400E+00 -0.43366E+00
 0.4552300E+00 -0.43262E+00
 0.4556100E+00 -0.43156E+00
 0.4559900E+00 -0.43050E+00
 0.4563700E+00 -0.42942E+00
 0.4567500E+00 -0.42834E+00
 0.4571200E+00 -0.42724E+00
 0.4575000E+00 -0.42613E+00
 0.4578800E+00 -0.42501E+00
 0.4582600E+00 -0.42388E+00
 0.4586400E+00 -0.42273E+00
 0.4590200E+00 -0.42157E+00
 0.4593900E+00 -0.42040E+00
 0.4597700E+00 -0.41922E+00
 0.4601500E+00 -0.41802E+00
 0.4605200E+00 -0.41681E+00
 0.4609000E+00 -0.41558E+00
 0.4612700E+00 -0.41435E+00
 0.4616500E+00 -0.41310E+00
 0.4620200E+00 -0.41183E+00
 0.4624000E+00 -0.41056E+00
 0.4627700E+00 -0.40926E+00
 0.4631500E+00 -0.40796E+00
 0.4635200E+00 -0.40664E+00
 0.4638900E+00 -0.40531E+00
 0.4642700E+00 -0.40396E+00
 0.4646400E+00 -0.40260E+00
 0.4650100E+00 -0.40123E+00
 0.4653800E+00 -0.39984E+00
 0.4657500E+00 -0.39844E+00
 0.4661300E+00 -0.39702E+00
 0.4665000E+00 -0.39560E+00
 0.4668700E+00 -0.39416E+00
 0.4672400E+00 -0.39270E+00
 0.4676100E+00 -0.39123E+00
 0.4679800E+00 -0.38976E+00
 0.4683500E+00 -0.38826E+00
 0.4687200E+00 -0.38676E+00
 0.4690900E+00 -0.38524E+00
 0.4694500E+00 -0.38372E+00
 0.4698200E+00 -0.38218E+00
 0.4701900E+00 -0.38063E+00
 0.4705600E+00 -0.37906E+00
 0.4709200E+00 -0.37749E+00
 0.4712900E+00 -0.37591E+00
 0.4716600E+00 -0.37432E+00
 0.4720200E+00 -0.37272E+00
 0.4723900E+00 -0.37111E+00
 0.4727600E+00 -0.36949E+00
 0.4731200E+00 -0.36787E+00
 0.4734900E+00 -0.36623E+00
 0.4738500E+00 -0.36459E+00
 0.4742200E+00 -0.36295E+00
 0.4745800E+00 -0.36129E+00
 0.4749400E+00 -0.35964E+00
 0.4753100E+00 -0.35797E+00
 0.4756700E+00 -0.35631E+00
 0.4760300E+00 -0.35464E+00
 0.4764000E+00 -0.35296E+00
 0.4767600E+00 -0.35128E+00
 0.4771200E+00 -0.34961E+00
 0.4774800E+00 -0.34793E+00
 0.4778400E+00 -0.34625E+00
 0.4782100E+00 -0.34457E+00
 0.4785700E+00 -0.34289E+00
 0.4789300E+00 -0.34121E+00
 0.4792900E+00 -0.33953E+00
 0.4796500E+00 -0.33786E+00
 0.4800100E+00 -0.33619E+00
 0.4803700E+00 -0.33453E+00
 0.4807300E+00 -0.33287E+00
 0.4810800E+00 -0.33122E+00
 0.4814400E+00 -0.32957E+00
 0.4818000E+00 -0.32793E+00
 0.4821600E+00 -0.32630E+00
 0.4825200E+00 -0.32468E+00
 0.4828700E+00 -0.32307E+00
 0.4832300E+00 -0.32146E+00
 0.4835900E+00 -0.31987E+00
 0.4839400E+00 -0.31830E+00
 0.4843000E+00 -0.31673E+00
 0.4846600E+00 -0.31518E+00
 0.4850100E+00 -0.31364E+00
 0.4853700E+00 -0.31212E+00
 0.4857200E+00 -0.31062E+00
 0.4860800E+00 -0.30913E+00
 0.4864300E+00 -0.30766E+00
 0.4867800E+00 -0.30621E+00
 0.4871400E+00 -0.30478E+00
 0.4874900E+00 -0.30337E+00
 0.4878500E+00 -0.30198E+00
 0.4882000E+00 -0.30061E+00
 0.4885500E+00 -0.29926E+00
 0.4889000E+00 -0.29794E+00
 0.4892600E+00 -0.29664E+00
 0.4896100E+00 -0.29537E+00
 0.4899600E+00 -0.29412E+00
 0.4903100E+00 -0.29290E+00
 0.4906600E+00 -0.29170E+00
 0.4910100E+00 -0.29054E+00
 0.4913600E+00 -0.28940E+00
 0.4917100E+00 -0.28829E+00
 0.4920600E+00 -0.28721E+00
 0.4924100E+00 -0.28616E+00
 0.4927600E+00 -0.28514E+00
 0.4931100E+00 -0.28415E+00
 0.4934600E+00 -0.28320E+00
 0.4938100E+00 -0.28227E+00
 0.4941500E+00 -0.28138E+00
 0.4945000E+00 -0.28053E+00
 0.4948500E+00 -0.27970E+00
 0.4952000E+00 -0.27892E+00
 0.4955400E+00 -0.27816E+00
 0.4958900E+00 -0.27744E+00
 0.4962400E+00 -0.27676E+00
 0.4965800E+00 -0.27611E+00
 0.4969300E+00 -0.27550E+00
 0.4972800E+00 -0.27493E+00
 0.4976200E+00 -0.27439E+00
 0.4979700E+00 -0.27389E+00
 0.4983100E+00 -0.27342E+00
 0.4986600E+00 -0.27299E+00
 0.4990000E+00 -0.27260E+00
 0.4993400E+00 -0.27225E+00
 0.4996900E+00 -0.27193E+00
 0.5000300E+00 -0.27164E+00
 0.5003700E+00 -0.27140E+00
 0.5007200E+00 -0.27119E+00
 0.5010600E+00 -0.27101E+00
 0.5014000E+00 -0.27087E+00
 0.5017400E+00 -0.27076E+00
 0.5020900E+00 -0.27069E+00
 0.5024300E+00 -0.27065E+00
 0.5027700E+00 -0.27064E+00
 0.5031100E+00 -0.27067E+00
 0.5034500E+00 -0.27073E+00
 0.5037900E+00 -0.27081E+00
 0.5041300E+00 -0.27093E+00
 0.5044700E+00 -0.27107E+00
 0.5048100E+00 -0.27124E+00
 0.5051500E+00 -0.27144E+00
 0.5054900E+00 -0.27166E+00
 0.5058300E+00 -0.27191E+00
 0.5061700E+00 -0.27217E+00
 0.5065100E+00 -0.27246E+00
 0.5068400E+00 -0.27276E+00
 0.5071800E+00 -0.27308E+00
 0.5075200E+00 -0.27342E+00
 0.5078600E+00 -0.27377E+00
 0.5081900E+00 -0.27413E+00
 0.5085300E+00 -0.27450E+00
 0.5088700E+00 -0.27487E+00
 0.5092000E+00 -0.27525E+00
 0.5095400E+00 -0.27563E+00
 0.5098700E+00 -0.27601E+00
 0.5102100E+00 -0.27639E+00
 0.5105500E+00 -0.27677E+00
 0.5108800E+00 -0.27713E+00
 0.5112100E+00 -0.27749E+00
 0.5115500E+00 -0.27783E+00
 0.5118800E+00 -0.27815E+00
 0.5122200E+00 -0.27846E+00
 0.5125500E+00 -0.27874E+00
 0.5128800E+00 -0.27900E+00
 0.5132200E+00 -0.27923E+00
 0.5135500E+00 -0.27943E+00
 0.5138800E+00 -0.27960E+00
 0.5142200E+00 -0.27973E+00
 0.5145500E+00 -0.27983E+00
 0.5148800E+00 -0.27988E+00
 0.5152100E+00 -0.27988E+00
 0.5155400E+00 -0.27984E+00
 0.5158700E+00 -0.27975E+00
 0.5162000E+00 -0.27960E+00
 0.5165400E+00 -0.27941E+00
 0.5168700E+00 -0.27915E+00
 0.5172000E+00 -0.27884E+00
 0.5175300E+00 -0.27846E+00
 0.5178600E+00 -0.27802E+00
 0.5181800E+00 -0.27752E+00
 0.5185100E+00 -0.27696E+00
 0.5188400E+00 -0.27633E+00
 0.5191700E+00 -0.27563E+00
 0.5195000E+00 -0.27487E+00
 0.5198300E+00 -0.27404E+00
 0.5201600E+00 -0.27314E+00
 0.5204800E+00 -0.27218E+00
 0.5208100E+00 -0.27116E+00
 0.5211400E+00 -0.27007E+00
 0.5214600E+00 -0.26892E+00
 0.5217900E+00 -0.26772E+00
 0.5221200E+00 -0.26645E+00
 0.5224400E+00 -0.26514E+00
 0.5227700E+00 -0.26378E+00
 0.5231000E+00 -0.26237E+00
 0.5234200E+00 -0.26093E+00
 0.5237500E+00 -0.25945E+00
 0.5240700E+00 -0.25794E+00
 0.5244000E+00 -0.25641E+00
 0.5247200E+00 -0.25487E+00
 0.5250400E+00 -0.25332E+00
 0.5253700E+00 -0.25177E+00
 0.5256900E+00 -0.25023E+00
 0.5260200E+00 -0.24870E+00
 0.5263400E+00 -0.24721E+00
 0.5266600E+00 -0.24575E+00
 0.5269900E+00 -0.24434E+00
 0.5273100E+00 -0.24299E+00
 0.5276300E+00 -0.24172E+00
 0.5279500E+00 -0.24052E+00
 0.5282700E+00 -0.23942E+00
 0.5286000E+00 -0.23844E+00
 0.5289200E+00 -0.23757E+00
 0.5292400E+00 -0.23685E+00
 0.5295600E+00 -0.23627E+00
 0.5298800E+00 -0.23587E+00
 0.5302000E+00 -0.23565E+00
 0.5305200E+00 -0.23562E+00
 0.5308400E+00 -0.23581E+00
 0.5311600E+00 -0.23624E+00
 0.5314800E+00 -0.23691E+00
 0.5318000E+00 -0.23784E+00
 0.5321200E+00 -0.23905E+00
 0.5324400E+00 -0.24056E+00
 0.5327500E+00 -0.24238E+00
 0.5330700E+00 -0.24451E+00
 0.5333900E+00 -0.24698E+00
 0.5337100E+00 -0.24979E+00
 0.5340300E+00 -0.25294E+00
 0.5343400E+00 -0.25643E+00
 0.5346600E+00 -0.26027E+00
 0.5349800E+00 -0.26442E+00
 0.5352900E+00 -0.26886E+00
 0.5356100E+00 -0.27355E+00
 0.5359300E+00 -0.27842E+00
 0.5362400E+00 -0.28336E+00
 0.5365600E+00 -0.28823E+00
 0.5368700E+00 -0.29279E+00
 0.5371900E+00 -0.29668E+00
 0.5375000E+00 -0.29914E+00
 0.5378200E+00 -0.29832E+00
 0.5381300E+00 -0.29691E+00
 0.5384500E+00 -0.29550E+00
 0.5387600E+00 -0.29410E+00
 0.5390800E+00 -0.29270E+00
 0.5393900E+00 -0.29131E+00
 0.5397000E+00 -0.28991E+00
 0.5400200E+00 -0.28853E+00
 0.5403300E+00 -0.28715E+00
 0.5406400E+00 -0.28577E+00
 0.5409500E+00 -0.28441E+00
 0.5412700E+00 -0.28305E+00
 0.5415800E+00 -0.28169E+00
 0.5418900E+00 -0.28035E+00
 0.5422000E+00 -0.27901E+00
 0.5425100E+00 -0.27768E+00
 0.5428300E+00 -0.27636E+00
 0.5431400E+00 -0.27505E+00
 0.5434500E+00 -0.27375E+00
 0.5437600E+00 -0.27245E+00
 0.5440700E+00 -0.27117E+00
 0.5443800E+00 -0.26990E+00
 0.5446900E+00 -0.26865E+00
 0.5450000E+00 -0.26740E+00
 0.5453100E+00 -0.26617E+00
 0.5456200E+00 -0.26495E+00
 0.5459300E+00 -0.26374E+00
 0.5462300E+00 -0.26254E+00
 0.5465400E+00 -0.26136E+00
 0.5468500E+00 -0.26020E+00
 0.5471600E+00 -0.25904E+00
 0.5474700E+00 -0.25791E+00
 0.5477700E+00 -0.25678E+00
 0.5480800E+00 -0.25568E+00
 0.5483900E+00 -0.25459E+00
 0.5487000E+00 -0.25351E+00
 0.5490000E+00 -0.25246E+00
 0.5493100E+00 -0.25142E+00
 0.5496200E+00 -0.25039E+00
 0.5499200E+00 -0.24939E+00
 0.5502300E+00 -0.24840E+00
 0.5505300E+00 -0.24743E+00
 0.5508400E+00 -0.24648E+00
 0.5511400E+00 -0.24555E+00
 0.5514500E+00 -0.24463E+00
 0.5517500E+00 -0.24374E+00
 0.5520600E+00 -0.24286E+00
 0.5523600E+00 -0.24201E+00
 0.5526700E+00 -0.24117E+00
 0.5529700E+00 -0.24035E+00
 0.5532800E+00 -0.23956E+00
 0.5535800E+00 -0.23878E+00
 0.5538800E+00 -0.23802E+00
 0.5541900E+00 -0.23728E+00
 0.5544900E+00 -0.23657E+00
 0.5547900E+00 -0.23587E+00
 0.5550900E+00 -0.23520E+00
 0.5554000E+00 -0.23454E+00
 0.5557000E+00 -0.23391E+00
 0.5560000E+00 -0.23329E+00
 0.5563000E+00 -0.23270E+00
 0.5566000E+00 -0.23212E+00
 0.5569100E+00 -0.23157E+00
 0.5572100E+00 -0.23103E+00
 0.5575100E+00 -0.23052E+00
 0.5578100E+00 -0.23002E+00
 0.5581100E+00 -0.22955E+00
 0.5584100E+00 -0.22909E+00
 0.5587100E+00 -0.22866E+00
 0.5590100E+00 -0.22824E+00
 0.5593100E+00 -0.22784E+00
 0.5596100E+00 -0.22746E+00
 0.5599100E+00 -0.22710E+00
 0.5602100E+00 -0.22675E+00
 0.5605000E+00 -0.22642E+00
 0.5608000E+00 -0.22611E+00
 0.5611000E+00 -0.22581E+00
 0.5614000E+00 -0.22553E+00
 0.5617000E+00 -0.22527E+00
 0.5620000E+00 -0.22502E+00
 0.5622900E+00 -0.22478E+00
 0.5625900E+00 -0.22456E+00
 0.5628900E+00 -0.22435E+00
 0.5631800E+00 -0.22415E+00
 0.5634800E+00 -0.22397E+00
 0.5637800E+00 -0.22379E+00
 0.5640700E+00 -0.22363E+00
 0.5643700E+00 -0.22347E+00
 0.5646700E+00 -0.22333E+00
 0.5649600E+00 -0.22319E+00
 0.5652600E+00 -0.22305E+00
 0.5655500E+00 -0.22293E+00
 0.5658500E+00 -0.22281E+00
 0.5661400E+00 -0.22269E+00
 0.5664400E+00 -0.22257E+00
 0.5667300E+00 -0.22246E+00
 0.5670300E+00 -0.22235E+00
 0.5673200E+00 -0.22224E+00
 0.5676100E+00 -0.22212E+00
 0.5679100E+00 -0.22201E+00
 0.5682000E+00 -0.22189E+00
 0.5685000E+00 -0.22177E+00
 0.5687900E+00 -0.22164E+00
 0.5690800E+00 -0.22151E+00
 0.5693700E+00 -0.22136E+00
 0.5696700E+00 -0.22121E+00
 0.5699600E+00 -0.22105E+00
 0.5702500E+00 -0.22088E+00
 0.5705400E+00 -0.22069E+00
 0.5708300E+00 -0.22049E+00
 0.5711300E+00 -0.22028E+00
 0.5714200E+00 -0.22005E+00
 0.5717100E+00 -0.21980E+00
 0.5720000E+00 -0.21953E+00
 0.5722900E+00 -0.21924E+00
 0.5725800E+00 -0.21894E+00
 0.5728700E+00 -0.21861E+00
 0.5731600E+00 -0.21825E+00
 0.5734500E+00 -0.21788E+00
 0.5737400E+00 -0.21747E+00
 0.5740300E+00 -0.21704E+00
 0.5743200E+00 -0.21659E+00
 0.5746100E+00 -0.21610E+00
 0.5749000E+00 -0.21559E+00
 0.5751900E+00 -0.21504E+00
 0.5754800E+00 -0.21447E+00
 0.5757600E+00 -0.21386E+00
 0.5760500E+00 -0.21322E+00
 0.5763400E+00 -0.21255E+00
 0.5766300E+00 -0.21185E+00
 0.5769200E+00 -0.21111E+00
 0.5772000E+00 -0.21033E+00
 0.5774900E+00 -0.20953E+00
 0.5777800E+00 -0.20868E+00
 0.5780700E+00 -0.20780E+00
 0.5783500E+00 -0.20689E+00
 0.5786400E+00 -0.20594E+00
 0.5789300E+00 -0.20496E+00
 0.5792100E+00 -0.20394E+00
 0.5795000E+00 -0.20289E+00
 0.5797800E+00 -0.20180E+00
 0.5800700E+00 -0.20068E+00
 0.5803500E+00 -0.19952E+00
 0.5806400E+00 -0.19833E+00
 0.5809200E+00 -0.19712E+00
 0.5812100E+00 -0.19587E+00
 0.5814900E+00 -0.19459E+00
 0.5817800E+00 -0.19328E+00
 0.5820600E+00 -0.19195E+00
 0.5823500E+00 -0.19059E+00
 0.5826300E+00 -0.18920E+00
 0.5829200E+00 -0.18780E+00
 0.5832000E+00 -0.18637E+00
 0.5834800E+00 -0.18492E+00
 0.5837700E+00 -0.18346E+00
 0.5840500E+00 -0.18198E+00
 0.5843300E+00 -0.18049E+00
 0.5846100E+00 -0.17899E+00
 0.5849000E+00 -0.17747E+00
 0.5851800E+00 -0.17596E+00
 0.5854600E+00 -0.17444E+00
 0.5857400E+00 -0.17292E+00
 0.5860200E+00 -0.17140E+00
 0.5863100E+00 -0.16988E+00
 0.5865900E+00 -0.16837E+00
 0.5868700E+00 -0.16687E+00
 0.5871500E+00 -0.16539E+00
 0.5874300E+00 -0.16392E+00
 0.5877100E+00 -0.16247E+00
 0.5879900E+00 -0.16104E+00
 0.5882700E+00 -0.15964E+00
 0.5885500E+00 -0.15827E+00
 0.5888300E+00 -0.15693E+00
 0.5891100E+00 -0.15562E+00
 0.5893900E+00 -0.15436E+00
 0.5896700E+00 -0.15313E+00
 0.5899500E+00 -0.15195E+00
 0.5902300E+00 -0.15081E+00
 0.5905100E+00 -0.14973E+00
 0.5907900E+00 -0.14870E+00
 0.5910600E+00 -0.14773E+00
 0.5913400E+00 -0.14682E+00
 0.5916200E+00 -0.14597E+00
 0.5919000E+00 -0.14519E+00
 0.5921800E+00 -0.14448E+00
 0.5924500E+00 -0.14383E+00
 0.5927300E+00 -0.14327E+00
 0.5930100E+00 -0.14277E+00
 0.5932900E+00 -0.14236E+00
 0.5935600E+00 -0.14202E+00
 0.5938400E+00 -0.14177E+00
 0.5941200E+00 -0.14160E+00
 0.5943900E+00 -0.14152E+00
 0.5946700E+00 -0.14152E+00
 0.5949400E+00 -0.14161E+00
 0.5952200E+00 -0.14178E+00
 0.5955000E+00 -0.14204E+00
 0.5957700E+00 -0.14239E+00
 0.5960500E+00 -0.14282E+00
 0.5963200E+00 -0.14334E+00
 0.5966000E+00 -0.14394E+00
 0.5968700E+00 -0.14462E+00
 0.5971500E+00 -0.14538E+00
 0.5974200E+00 -0.14621E+00
 0.5977000E+00 -0.14711E+00
 0.5979700E+00 -0.14807E+00
 0.5982400E+00 -0.14910E+00
 0.5985200E+00 -0.15018E+00
 0.5987900E+00 -0.15131E+00
 0.5990600E+00 -0.15247E+00
 0.5993400E+00 -0.15367E+00
 0.5996100E+00 -0.15488E+00
 0.5998800E+00 -0.15611E+00
 0.6001600E+00 -0.15734E+00
 0.6004300E+00 -0.15856E+00
 0.6007000E+00 -0.15975E+00
 0.6009700E+00 -0.16091E+00
 0.6012400E+00 -0.16202E+00
 0.6015200E+00 -0.16306E+00
 0.6017900E+00 -0.16403E+00
 0.6020600E+00 -0.16490E+00
 0.6023300E+00 -0.16566E+00
 0.6026000E+00 -0.16631E+00
 0.6028700E+00 -0.16682E+00
 0.6031400E+00 -0.16719E+00
 0.6034200E+00 -0.16740E+00
 0.6036900E+00 -0.16745E+00
 0.6039600E+00 -0.16733E+00
 0.6042300E+00 -0.16706E+00
 0.6045000E+00 -0.16662E+00
 0.6047700E+00 -0.16604E+00
 0.6050400E+00 -0.16534E+00
 0.6053100E+00 -0.16456E+00
 0.6055700E+00 -0.16374E+00
 0.6058400E+00 -0.16296E+00
 0.6061100E+00 -0.16231E+00
 0.6063800E+00 -0.16196E+00
 0.6066500E+00 -0.16211E+00
 0.6069200E+00 -0.16308E+00
 0.6071900E+00 -0.16546E+00
 0.6074600E+00 -0.17037E+00
 0.6077200E+00 -0.18139E+00
 0.6079900E+00 -0.20113E+00
 0.6082600E+00 -0.20060E+00
 0.6085300E+00 -0.20008E+00
 0.6087900E+00 -0.19958E+00
 0.6090600E+00 -0.19908E+00
 0.6093300E+00 -0.19859E+00
 0.6095900E+00 -0.19812E+00
 0.6098600E+00 -0.19765E+00
 0.6101300E+00 -0.19720E+00
 0.6103900E+00 -0.19675E+00
 0.6106600E+00 -0.19632E+00
 0.6109300E+00 -0.19589E+00
 0.6111900E+00 -0.19547E+00
 0.6114600E+00 -0.19506E+00
 0.6117200E+00 -0.19466E+00
 0.6119900E+00 -0.19426E+00
 0.6122500E+00 -0.19388E+00
 0.6125200E+00 -0.19350E+00
 0.6127800E+00 -0.19312E+00
 0.6130500E+00 -0.19276E+00
 0.6133100E+00 -0.19239E+00
 0.6135800E+00 -0.19204E+00
 0.6138400E+00 -0.19169E+00
 0.6141100E+00 -0.19134E+00
 0.6143700E+00 -0.19100E+00
 0.6146300E+00 -0.19066E+00
 0.6149000E+00 -0.19032E+00
 0.6151600E+00 -0.18998E+00
 0.6154200E+00 -0.18965E+00
 0.6156900E+00 -0.18932E+00
 0.6159500E+00 -0.18899E+00
 0.6162100E+00 -0.18866E+00
 0.6164800E+00 -0.18833E+00
 0.6167400E+00 -0.18800E+00
 0.6170000E+00 -0.18766E+00
 0.6172600E+00 -0.18733E+00
 0.6175200E+00 -0.18699E+00
 0.6177900E+00 -0.18665E+00
 0.6180500E+00 -0.18631E+00
 0.6183100E+00 -0.18596E+00
 0.6185700E+00 -0.18561E+00
 0.6188300E+00 -0.18525E+00
 0.6190900E+00 -0.18488E+00
 0.6193500E+00 -0.18451E+00
 0.6196100E+00 -0.18413E+00
 0.6198800E+00 -0.18374E+00
 0.6201400E+00 -0.18334E+00
 0.6204000E+00 -0.18294E+00
 0.6206600E+00 -0.18252E+00
 0.6209200E+00 -0.18210E+00
 0.6211800E+00 -0.18166E+00
 0.6214400E+00 -0.18121E+00
 0.6217000E+00 -0.18075E+00
 0.6219500E+00 -0.18028E+00
 0.6222100E+00 -0.17979E+00
 0.6224700E+00 -0.17929E+00
 0.6227300E+00 -0.17877E+00
 0.6229900E+00 -0.17824E+00
 0.6232500E+00 -0.17770E+00
 0.6235100E+00 -0.17713E+00
 0.6237700E+00 -0.17655E+00
 0.6240200E+00 -0.17596E+00
 0.6242800E+00 -0.17535E+00
 0.6245400E+00 -0.17471E+00
 0.6248000E+00 -0.17407E+00
 0.6250600E+00 -0.17340E+00
 0.6253100E+00 -0.17271E+00
 0.6255700E+00 -0.17201E+00
 0.6258300E+00 -0.17128E+00
 0.6260800E+00 -0.17053E+00
 0.6263400E+00 -0.16977E+00
 0.6266000E+00 -0.16898E+00
 0.6268500E+00 -0.16818E+00
 0.6271100E+00 -0.16735E+00
 0.6273700E+00 -0.16650E+00
 0.6276200E+00 -0.16564E+00
 0.6278800E+00 -0.16475E+00
 0.6281300E+00 -0.16384E+00
 0.6283900E+00 -0.16291E+00
 0.6286400E+00 -0.16196E+00
 0.6289000E+00 -0.16099E+00
 0.6291500E+00 -0.15999E+00
 0.6294100E+00 -0.15898E+00
 0.6296600E+00 -0.15795E+00
 0.6299200E+00 -0.15690E+00
 0.6301700E+00 -0.15583E+00
 0.6304300E+00 -0.15474E+00
 0.6306800E+00 -0.15363E+00
 0.6309400E+00 -0.15250E+00
 0.6311900E+00 -0.15136E+00
 0.6314400E+00 -0.15020E+00
 0.6317000E+00 -0.14902E+00
 0.6319500E+00 -0.14782E+00
 0.6322000E+00 -0.14662E+00
 0.6324600E+00 -0.14539E+00
 0.6327100E+00 -0.14415E+00
 0.6329600E+00 -0.14290E+00
 0.6332200E+00 -0.14164E+00
 0.6334700E+00 -0.14037E+00
 0.6337200E+00 -0.13908E+00
 0.6339700E+00 -0.13779E+00
 0.6342300E+00 -0.13649E+00
 0.6344800E+00 -0.13518E+00
 0.6347300E+00 -0.13386E+00
 0.6349800E+00 -0.13254E+00
 0.6352300E+00 -0.13121E+00
 0.6354800E+00 -0.12988E+00
 0.6357300E+00 -0.12855E+00
 0.6359900E+00 -0.12722E+00
 0.6362400E+00 -0.12588E+00
 0.6364900E+00 -0.12455E+00
 0.6367400E+00 -0.12322E+00
 0.6369900E+00 -0.12190E+00
 0.6372400E+00 -0.12058E+00
 0.6374900E+00 -0.11927E+00
 0.6377400E+00 -0.11797E+00
 0.6379900E+00 -0.11667E+00
 0.6382400E+00 -0.11539E+00
 0.6384900E+00 -0.11412E+00
 0.6387400E+00 -0.11286E+00
 0.6389900E+00 -0.11162E+00
 0.6392400E+00 -0.11039E+00
 0.6394900E+00 -0.10918E+00
 0.6397400E+00 -0.10799E+00
 0.6399800E+00 -0.10682E+00
 0.6402300E+00 -0.10568E+00
 0.6404800E+00 -0.10455E+00
 0.6407300E+00 -0.10345E+00
 0.6409800E+00 -0.10238E+00
 0.6412300E+00 -0.10133E+00
 0.6414700E+00 -0.10031E+00
 0.6417200E+00 -0.99326E-01
 0.6419700E+00 -0.98369E-01
 0.6422200E+00 -0.97443E-01
 0.6424600E+00 -0.96551E-01
 0.6427100E+00 -0.95693E-01
 0.6429600E+00 -0.94871E-01
 0.6432100E+00 -0.94085E-01
 0.6434500E+00 -0.93337E-01
 0.6437000E+00 -0.92628E-01
 0.6439500E+00 -0.91958E-01
 0.6441900E+00 -0.91328E-01
 0.6444400E+00 -0.90740E-01
 0.6446800E+00 -0.90193E-01
 0.6449300E+00 -0.89689E-01
 0.6451800E+00 -0.89228E-01
 0.6454200E+00 -0.88811E-01
 0.6456700E+00 -0.88437E-01
 0.6459100E+00 -0.88108E-01
 0.6461600E+00 -0.87824E-01
 0.6464000E+00 -0.87584E-01
 0.6466500E+00 -0.87389E-01
 0.6468900E+00 -0.87239E-01
 0.6471400E+00 -0.87134E-01
 0.6473800E+00 -0.87073E-01
 0.6476300E+00 -0.87056E-01
 0.6478700E+00 -0.87083E-01
 0.6481200E+00 -0.87153E-01
 0.6483600E+00 -0.87265E-01
 0.6486000E+00 -0.87419E-01
 0.6488500E+00 -0.87613E-01
 0.6490900E+00 -0.87846E-01
 0.6493300E+00 -0.88117E-01
 0.6495800E+00 -0.88425E-01
 0.6498200E+00 -0.88768E-01
 0.6500600E+00 -0.89145E-01
 0.6503100E+00 -0.89552E-01
 0.6505500E+00 -0.89990E-01
 0.6507900E+00 -0.90455E-01
 0.6510400E+00 -0.90945E-01
 0.6512800E+00 -0.91457E-01
 0.6515200E+00 -0.91989E-01
 0.6517600E+00 -0.92539E-01
 0.6520000E+00 -0.93103E-01
 0.6522500E+00 -0.93678E-01
 0.6524900E+00 -0.94262E-01
 0.6527300E+00 -0.94850E-01
 0.6529700E+00 -0.95440E-01
 0.6532100E+00 -0.96027E-01
 0.6534500E+00 -0.96609E-01
 0.6536900E+00 -0.97182E-01
 0.6539400E+00 -0.97742E-01
 0.6541800E+00 -0.98284E-01
 0.6544200E+00 -0.98806E-01
 0.6546600E+00 -0.99304E-01
 0.6549000E+00 -0.99773E-01
 0.6551400E+00 -0.10021E+00
 0.6553800E+00 -0.10061E+00
 0.6556200E+00 -0.10097E+00
 0.6558600E+00 -0.10129E+00
 0.6561000E+00 -0.10157E+00
 0.6563400E+00 -0.10179E+00
 0.6565800E+00 -0.10196E+00
 0.6568200E+00 -0.10208E+00
 0.6570600E+00 -0.10214E+00
 0.6572900E+00 -0.10214E+00
 0.6575300E+00 -0.10209E+00
 0.6577700E+00 -0.10197E+00
 0.6580100E+00 -0.10179E+00
 0.6582500E+00 -0.10155E+00
 0.6584900E+00 -0.10125E+00
 0.6587300E+00 -0.10089E+00
 0.6589600E+00 -0.10047E+00
 0.6592000E+00 -0.99997E-01
 0.6594400E+00 -0.99474E-01
 0.6596800E+00 -0.98904E-01
 0.6599200E+00 -0.98293E-01
 0.6601500E+00 -0.97647E-01
 0.6603900E+00 -0.96972E-01
 0.6606300E+00 -0.96277E-01
 0.6608700E+00 -0.95570E-01
 0.6611000E+00 -0.94861E-01
 0.6613400E+00 -0.94161E-01
 0.6615800E+00 -0.93483E-01
 0.6618100E+00 -0.92838E-01
 0.6620500E+00 -0.92242E-01
 0.6622900E+00 -0.91708E-01
 0.6625200E+00 -0.91254E-01
 0.6627600E+00 -0.90896E-01
 0.6629900E+00 -0.90653E-01
 0.6632300E+00 -0.90542E-01
 0.6634700E+00 -0.90585E-01
 0.6637000E+00 -0.90802E-01
 0.6639400E+00 -0.91214E-01
 0.6641700E+00 -0.91843E-01
 0.6644100E+00 -0.92711E-01
 0.6646400E+00 -0.93840E-01
 0.6648800E+00 -0.95252E-01
 0.6651100E+00 -0.96969E-01
 0.6653500E+00 -0.99010E-01
 0.6655800E+00 -0.10139E+00
 0.6658200E+00 -0.10413E+00
 0.6660500E+00 -0.10723E+00
 0.6662800E+00 -0.11070E+00
 0.6665200E+00 -0.11453E+00
 0.6667500E+00 -0.11870E+00
 0.6669900E+00 -0.12317E+00
 0.6672200E+00 -0.12786E+00
 0.6674500E+00 -0.13267E+00
 0.6676900E+00 -0.13741E+00
 0.6679200E+00 -0.14178E+00
 0.6681500E+00 -0.14521E+00
 0.6683900E+00 -0.14596E+00
 0.6686200E+00 -0.14527E+00
 0.6688500E+00 -0.14457E+00
 0.6690800E+00 -0.14386E+00
 0.6693200E+00 -0.14313E+00
 0.6695500E+00 -0.14239E+00
 0.6697800E+00 -0.14164E+00
 0.6700100E+00 -0.14087E+00
 0.6702500E+00 -0.14009E+00
 0.6704800E+00 -0.13930E+00
 0.6707100E+00 -0.13849E+00
 0.6709400E+00 -0.13767E+00
 0.6711700E+00 -0.13684E+00
 0.6714000E+00 -0.13600E+00
 0.6716400E+00 -0.13514E+00
 0.6718700E+00 -0.13427E+00
 0.6721000E+00 -0.13338E+00
 0.6723300E+00 -0.13249E+00
 0.6725600E+00 -0.13158E+00
 0.6727900E+00 -0.13065E+00
 0.6730200E+00 -0.12972E+00
 0.6732500E+00 -0.12877E+00
 0.6734800E+00 -0.12781E+00
 0.6737100E+00 -0.12684E+00
 0.6739400E+00 -0.12586E+00
 0.6741700E+00 -0.12486E+00
 0.6744000E+00 -0.12386E+00
 0.6746300E+00 -0.12284E+00
 0.6748600E+00 -0.12181E+00
 0.6750900E+00 -0.12077E+00
 0.6753200E+00 -0.11973E+00
 0.6755500E+00 -0.11867E+00
 0.6757800E+00 -0.11760E+00
 0.6760100E+00 -0.11653E+00
 0.6762400E+00 -0.11544E+00
 0.6764600E+00 -0.11435E+00
 0.6766900E+00 -0.11326E+00
 0.6769200E+00 -0.11215E+00
 0.6771500E+00 -0.11104E+00
 0.6773800E+00 -0.10992E+00
 0.6776100E+00 -0.10880E+00
 0.6778300E+00 -0.10767E+00
 0.6780600E+00 -0.10654E+00
 0.6782900E+00 -0.10541E+00
 0.6785200E+00 -0.10427E+00
 0.6787500E+00 -0.10313E+00
 0.6789700E+00 -0.10199E+00
 0.6792000E+00 -0.10085E+00
 0.6794300E+00 -0.99703E-01
 0.6796500E+00 -0.98561E-01
 0.6798800E+00 -0.97419E-01
 0.6801100E+00 -0.96279E-01
 0.6803400E+00 -0.95141E-01
 0.6805600E+00 -0.94006E-01
 0.6807900E+00 -0.92875E-01
 0.6810100E+00 -0.91748E-01
 0.6812400E+00 -0.90626E-01
 0.6814700E+00 -0.89511E-01
 0.6816900E+00 -0.88401E-01
 0.6819200E+00 -0.87300E-01
 0.6821500E+00 -0.86206E-01
 0.6823700E+00 -0.85121E-01
 0.6826000E+00 -0.84046E-01
 0.6828200E+00 -0.82981E-01
 0.6830500E+00 -0.81927E-01
 0.6832700E+00 -0.80884E-01
 0.6835000E+00 -0.79854E-01
 0.6837200E+00 -0.78838E-01
 0.6839500E+00 -0.77835E-01
 0.6841700E+00 -0.76847E-01
 0.6844000E+00 -0.75874E-01
 0.6846200E+00 -0.74917E-01
 0.6848500E+00 -0.73977E-01
 0.6850700E+00 -0.73055E-01
 0.6852900E+00 -0.72150E-01
 0.6855200E+00 -0.71264E-01
 0.6857400E+00 -0.70397E-01
 0.6859700E+00 -0.69550E-01
 0.6861900E+00 -0.68724E-01
 0.6864100E+00 -0.67919E-01
 0.6866400E+00 -0.67135E-01
 0.6868600E+00 -0.66374E-01
 0.6870800E+00 -0.65635E-01
 0.6873100E+00 -0.64920E-01
 0.6875300E+00 -0.64228E-01
 0.6877500E+00 -0.63560E-01
 0.6879700E+00 -0.62917E-01
 0.6882000E+00 -0.62299E-01
 0.6884200E+00 -0.61707E-01
 0.6886400E+00 -0.61139E-01
 0.6888600E+00 -0.60598E-01
 0.6890900E+00 -0.60083E-01
 0.6893100E+00 -0.59595E-01
 0.6895300E+00 -0.59133E-01
 0.6897500E+00 -0.58698E-01
 0.6899700E+00 -0.58290E-01
 0.6902000E+00 -0.57909E-01
 0.6904200E+00 -0.57555E-01
 0.6906400E+00 -0.57228E-01
 0.6908600E+00 -0.56928E-01
 0.6910800E+00 -0.56655E-01
 0.6913000E+00 -0.56409E-01
 0.6915200E+00 -0.56190E-01
 0.6917400E+00 -0.55997E-01
 0.6919700E+00 -0.55830E-01
 0.6921900E+00 -0.55689E-01
 0.6924100E+00 -0.55574E-01
 0.6926300E+00 -0.55483E-01
 0.6928500E+00 -0.55418E-01
 0.6930700E+00 -0.55376E-01
 0.6932900E+00 -0.55358E-01
 0.6935100E+00 -0.55362E-01
 0.6937300E+00 -0.55389E-01
 0.6939500E+00 -0.55437E-01
 0.6941700E+00 -0.55506E-01
 0.6943900E+00 -0.55595E-01
 0.6946100E+00 -0.55702E-01
 0.6948200E+00 -0.55828E-01
 0.6950400E+00 -0.55970E-01
 0.6952600E+00 -0.56128E-01
 0.6954800E+00 -0.56300E-01
 0.6957000E+00 -0.56486E-01
 0.6959200E+00 -0.56685E-01
 0.6961400E+00 -0.56894E-01
 0.6963600E+00 -0.57112E-01
 0.6965700E+00 -0.57339E-01
 0.6967900E+00 -0.57573E-01
 0.6970100E+00 -0.57811E-01
 0.6972300E+00 -0.58053E-01
 0.6974500E+00 -0.58298E-01
 0.6976700E+00 -0.58543E-01
 0.6978800E+00 -0.58786E-01
 0.6981000E+00 -0.59027E-01
 0.6983200E+00 -0.59263E-01
 0.6985400E+00 -0.59493E-01
 0.6987500E+00 -0.59715E-01
 0.6987528E+00 -0.59528E-01
 0.7000000E+00 -0.60549E-01
 0.7555556E+00  0.21817E-01
 0.8111111E+00  0.30784E-01
 0.8411341E+00  0.91594E-01
 0.8666667E+00  0.10206E+00
 0.9222222E+00  0.14456E+00
 0.9481830E+00  0.17567E+00
 0.9777778E+00  0.17157E+00
 0.1033333E+01  0.22568E+00
 0.1033994E+01  0.22702E+00
 0.1088889E+01  0.28259E+00
 0.1105616E+01  0.29314E+00
 0.1144444E+01  0.31727E+00
 0.1167081E+01  0.34374E+00
 0.1200000E+01  0.36136E+00
 0.1220916E+01  0.37119E+00
 0.1268807E+01  0.39573E+00
 0.1311938E+01  0.41778E+00
 0.1351170E+01  0.44278E+00
 0.1387149E+01  0.46867E+00
 0.1420375E+01  0.48204E+00
 0.1451238E+01  0.48880E+00
 0.1480053E+01  0.50714E+00
 0.1507074E+01  0.51852E+00
 0.1532512E+01  0.53374E+00
 0.1556543E+01  0.54299E+00
 0.1579312E+01  0.54373E+00
 0.1600948E+01  0.55849E+00
 0.1621556E+01  0.56691E+00
 0.1641231E+01  0.57383E+00
 0.1660053E+01  0.58415E+00
 0.1678093E+01  0.58309E+00
 0.1695413E+01  0.59166E+00
 0.1712069E+01  0.59989E+00
 0.1728110E+01  0.60549E+00
 0.1743580E+01  0.61190E+00
 0.1758517E+01  0.61139E+00
 0.1772957E+01  0.61595E+00
 0.1786933E+01  0.62504E+00
 0.1800473E+01  0.62850E+00
 0.1813604E+01  0.63124E+00
 0.1826349E+01  0.63249E+00
 0.1838731E+01  0.63705E+00
 0.1850769E+01  0.64176E+00
 0.1862483E+01  0.64583E+00
 0.1873889E+01  0.64730E+00
 0.1885004E+01  0.64923E+00
 0.1895841E+01  0.65279E+00
 0.1906414E+01  0.65518E+00
 0.1916735E+01  0.66000E+00
 0.1926818E+01  0.66195E+00
 0.1936671E+01  0.66083E+00
 0.1946306E+01  0.66538E+00
 0.1955732E+01  0.66738E+00
 0.1964957E+01  0.67134E+00
 0.1973991E+01  0.67285E+00
 0.1982840E+01  0.67104E+00
 0.1991513E+01  0.67541E+00
 0.2000016E+01  0.67837E+00
