-0.26021E+01 -0.69332E+01  0.20021E+01  0.14136E-06  0.11664E-06  0.25000E-02
-0.23010E+01 -0.63317E+01  0.20042E+01  0.56525E-06  0.46589E-06  0.50000E-02
-0.21249E+01 -0.59801E+01  0.20062E+01  0.12714E-05  0.10469E-05  0.75000E-02
-0.20000E+01 -0.57308E+01  0.20083E+01  0.22598E-05  0.18587E-05  0.10000E-01
-0.19031E+01 -0.55375E+01  0.20103E+01  0.35302E-05  0.29008E-05  0.12500E-01
-0.18239E+01 -0.53796E+01  0.20124E+01  0.50828E-05  0.41723E-05  0.15000E-01
-0.17570E+01 -0.52462E+01  0.20144E+01  0.69177E-05  0.56727E-05  0.17500E-01
-0.16990E+01 -0.51307E+01  0.20164E+01  0.90351E-05  0.74016E-05  0.20000E-01
-0.16478E+01 -0.50288E+01  0.20184E+01  0.11435E-04  0.93585E-05  0.22500E-01
-0.16021E+01 -0.49377E+01  0.20204E+01  0.14119E-04  0.11543E-04  0.25000E-01
-0.15607E+01 -0.48553E+01  0.20224E+01  0.17085E-04  0.13955E-04  0.27500E-01
-0.15229E+01 -0.47800E+01  0.20244E+01  0.20337E-04  0.16595E-04  0.30000E-01
-0.14881E+01 -0.47108E+01  0.20263E+01  0.23872E-04  0.19461E-04  0.32500E-01
-0.14559E+01 -0.46468E+01  0.20283E+01  0.27694E-04  0.22555E-04  0.35000E-01
-0.14260E+01 -0.45871E+01  0.20302E+01  0.31801E-04  0.25875E-04  0.37500E-01
-0.13979E+01 -0.45313E+01  0.20321E+01  0.36196E-04  0.29423E-04  0.40000E-01
-0.13716E+01 -0.44789E+01  0.20340E+01  0.40878E-04  0.33198E-04  0.42500E-01
-0.13468E+01 -0.44294E+01  0.20359E+01  0.45850E-04  0.37201E-04  0.45000E-01
-0.13233E+01 -0.43827E+01  0.20378E+01  0.51111E-04  0.41432E-04  0.47500E-01
-0.13010E+01 -0.43383E+01  0.20396E+01  0.56663E-04  0.45891E-04  0.50000E-01
-0.12798E+01 -0.42960E+01  0.20415E+01  0.62508E-04  0.50579E-04  0.52500E-01
-0.12596E+01 -0.42557E+01  0.20433E+01  0.68646E-04  0.55496E-04  0.55000E-01
-0.12403E+01 -0.42172E+01  0.20451E+01  0.75079E-04  0.60642E-04  0.57500E-01
-0.12218E+01 -0.41803E+01  0.20469E+01  0.81807E-04  0.66019E-04  0.60000E-01
-0.12041E+01 -0.41449E+01  0.20487E+01  0.88833E-04  0.71627E-04  0.62500E-01
-0.11871E+01 -0.41109E+01  0.20505E+01  0.96158E-04  0.77466E-04  0.65000E-01
-0.11707E+01 -0.40781E+01  0.20522E+01  0.10378E-03  0.83537E-04  0.67500E-01
-0.11549E+01 -0.40465E+01  0.20539E+01  0.11171E-03  0.89841E-04  0.70000E-01
-0.11397E+01 -0.40160E+01  0.20557E+01  0.11994E-03  0.96379E-04  0.72500E-01
-0.11249E+01 -0.39865E+01  0.20574E+01  0.12847E-03  0.10315E-03  0.75000E-01
-0.11107E+01 -0.39580E+01  0.20591E+01  0.13731E-03  0.11016E-03  0.77500E-01
-0.10969E+01 -0.39303E+01  0.20607E+01  0.14646E-03  0.11740E-03  0.80000E-01
-0.10835E+01 -0.39035E+01  0.20624E+01  0.15592E-03  0.12489E-03  0.82500E-01
-0.10706E+01 -0.38774E+01  0.20640E+01  0.16569E-03  0.13261E-03  0.85000E-01
-0.10580E+01 -0.38521E+01  0.20656E+01  0.17577E-03  0.14057E-03  0.87500E-01
-0.10458E+01 -0.38275E+01  0.20673E+01  0.18617E-03  0.14877E-03  0.90000E-01
-0.10339E+01 -0.38035E+01  0.20688E+01  0.19689E-03  0.15721E-03  0.92500E-01
-0.10223E+01 -0.37802E+01  0.20704E+01  0.20792E-03  0.16589E-03  0.95000E-01
-0.10110E+01 -0.37574E+01  0.20720E+01  0.21927E-03  0.17482E-03  0.97500E-01
-0.10000E+01 -0.37352E+01  0.20735E+01  0.23095E-03  0.18399E-03  0.10000E+00
-0.98928E+00 -0.37135E+01  0.20750E+01  0.24295E-03  0.19340E-03  0.10250E+00
-0.97881E+00 -0.36924E+01  0.20766E+01  0.25527E-03  0.20307E-03  0.10500E+00
-0.96859E+00 -0.36717E+01  0.20780E+01  0.26792E-03  0.21298E-03  0.10750E+00
-0.95861E+00 -0.36514E+01  0.20795E+01  0.28090E-03  0.22314E-03  0.11000E+00
-0.94885E+00 -0.36316E+01  0.20810E+01  0.29421E-03  0.23355E-03  0.11250E+00
-0.93930E+00 -0.36122E+01  0.20824E+01  0.30786E-03  0.24421E-03  0.11500E+00
-0.92996E+00 -0.35933E+01  0.20839E+01  0.32183E-03  0.25512E-03  0.11750E+00
-0.92082E+00 -0.35747E+01  0.20853E+01  0.33615E-03  0.26628E-03  0.12000E+00
-0.91186E+00 -0.35564E+01  0.20867E+01  0.35080E-03  0.27770E-03  0.12250E+00
-0.90309E+00 -0.35385E+01  0.20881E+01  0.36579E-03  0.28938E-03  0.12500E+00
-0.89449E+00 -0.35210E+01  0.20894E+01  0.38112E-03  0.30131E-03  0.12750E+00
-0.88606E+00 -0.35038E+01  0.20908E+01  0.39679E-03  0.31350E-03  0.13000E+00
-0.87778E+00 -0.34869E+01  0.20921E+01  0.41281E-03  0.32594E-03  0.13250E+00
-0.86967E+00 -0.34703E+01  0.20934E+01  0.42917E-03  0.33864E-03  0.13500E+00
-0.86170E+00 -0.34539E+01  0.20947E+01  0.44587E-03  0.35161E-03  0.13750E+00
-0.85387E+00 -0.34379E+01  0.20960E+01  0.46293E-03  0.36483E-03  0.14000E+00
-0.84619E+00 -0.34221E+01  0.20973E+01  0.48033E-03  0.37832E-03  0.14250E+00
-0.83863E+00 -0.34066E+01  0.20986E+01  0.49809E-03  0.39206E-03  0.14500E+00
-0.83121E+00 -0.33914E+01  0.20998E+01  0.51619E-03  0.40607E-03  0.14750E+00
-0.82391E+00 -0.33764E+01  0.21011E+01  0.53465E-03  0.42035E-03  0.15000E+00
-0.81673E+00 -0.33616E+01  0.21023E+01  0.55346E-03  0.43488E-03  0.15250E+00
-0.80967E+00 -0.33471E+01  0.21035E+01  0.57262E-03  0.44968E-03  0.15500E+00
-0.80272E+00 -0.33328E+01  0.21047E+01  0.59214E-03  0.46474E-03  0.15750E+00
-0.79588E+00 -0.33187E+01  0.21059E+01  0.61202E-03  0.48007E-03  0.16000E+00
-0.78915E+00 -0.33048E+01  0.21071E+01  0.63225E-03  0.49566E-03  0.16250E+00
-0.78252E+00 -0.32911E+01  0.21082E+01  0.65283E-03  0.51152E-03  0.16500E+00
-0.77599E+00 -0.32777E+01  0.21094E+01  0.67377E-03  0.52764E-03  0.16750E+00
-0.76955E+00 -0.32644E+01  0.21105E+01  0.69507E-03  0.54403E-03  0.17000E+00
-0.76321E+00 -0.32513E+01  0.21116E+01  0.71673E-03  0.56068E-03  0.17250E+00
-0.75696E+00 -0.32384E+01  0.21127E+01  0.73874E-03  0.57759E-03  0.17500E+00
-0.75080E+00 -0.32257E+01  0.21138E+01  0.76110E-03  0.59477E-03  0.17750E+00
-0.74473E+00 -0.32131E+01  0.21149E+01  0.78382E-03  0.61221E-03  0.18000E+00
-0.73874E+00 -0.32007E+01  0.21160E+01  0.80690E-03  0.62991E-03  0.18250E+00
-0.73283E+00 -0.31885E+01  0.21171E+01  0.83033E-03  0.64787E-03  0.18500E+00
-0.72700E+00 -0.31765E+01  0.21182E+01  0.85411E-03  0.66609E-03  0.18750E+00
-0.72125E+00 -0.31646E+01  0.21192E+01  0.87824E-03  0.68457E-03  0.19000E+00
-0.71557E+00 -0.31529E+01  0.21203E+01  0.90272E-03  0.70330E-03  0.19250E+00
-0.70997E+00 -0.31413E+01  0.21213E+01  0.92755E-03  0.72230E-03  0.19500E+00
-0.70443E+00 -0.31299E+01  0.21223E+01  0.95272E-03  0.74154E-03  0.19750E+00
-0.69897E+00 -0.31186E+01  0.21233E+01  0.97824E-03  0.76104E-03  0.20000E+00
-0.69357E+00 -0.31075E+01  0.21244E+01  0.10041E-02  0.78078E-03  0.20250E+00
-0.68825E+00 -0.30965E+01  0.21254E+01  0.10303E-02  0.80077E-03  0.20500E+00
-0.68298E+00 -0.30857E+01  0.21264E+01  0.10568E-02  0.82101E-03  0.20750E+00
-0.67778E+00 -0.30750E+01  0.21274E+01  0.10837E-02  0.84149E-03  0.21000E+00
-0.67264E+00 -0.30644E+01  0.21283E+01  0.11109E-02  0.86220E-03  0.21250E+00
-0.66756E+00 -0.30540E+01  0.21293E+01  0.11384E-02  0.88315E-03  0.21500E+00
-0.66254E+00 -0.30437E+01  0.21303E+01  0.11663E-02  0.90434E-03  0.21750E+00
-0.65758E+00 -0.30335E+01  0.21313E+01  0.11944E-02  0.92574E-03  0.22000E+00
-0.65267E+00 -0.30235E+01  0.21323E+01  0.12229E-02  0.94738E-03  0.22250E+00
-0.64782E+00 -0.30136E+01  0.21332E+01  0.12517E-02  0.96923E-03  0.22500E+00
-0.64302E+00 -0.30038E+01  0.21342E+01  0.12807E-02  0.99129E-03  0.22750E+00
-0.63827E+00 -0.29941E+01  0.21352E+01  0.13101E-02  0.10136E-02  0.23000E+00
-0.63358E+00 -0.29846E+01  0.21361E+01  0.13398E-02  0.10360E-02  0.23250E+00
-0.62893E+00 -0.29752E+01  0.21371E+01  0.13697E-02  0.10587E-02  0.23500E+00
-0.62434E+00 -0.29659E+01  0.21381E+01  0.13999E-02  0.10816E-02  0.23750E+00
-0.61979E+00 -0.29568E+01  0.21390E+01  0.14304E-02  0.11046E-02  0.24000E+00
-0.61529E+00 -0.29478E+01  0.21400E+01  0.14611E-02  0.11278E-02  0.24250E+00
-0.61083E+00 -0.29388E+01  0.21410E+01  0.14921E-02  0.11512E-02  0.24500E+00
-0.60642E+00 -0.29300E+01  0.21419E+01  0.15233E-02  0.11748E-02  0.24750E+00
-0.60206E+00 -0.29214E+01  0.21429E+01  0.15548E-02  0.11985E-02  0.25000E+00
-0.59774E+00 -0.29128E+01  0.21439E+01  0.15864E-02  0.12224E-02  0.25250E+00
-0.59346E+00 -0.29044E+01  0.21449E+01  0.16183E-02  0.12463E-02  0.25500E+00
-0.58922E+00 -0.28960E+01  0.21458E+01  0.16504E-02  0.12705E-02  0.25750E+00
-0.58503E+00 -0.28878E+01  0.21468E+01  0.16826E-02  0.12947E-02  0.26000E+00
-0.58087E+00 -0.28797E+01  0.21478E+01  0.17150E-02  0.13190E-02  0.26250E+00
-0.57675E+00 -0.28718E+01  0.21488E+01  0.17476E-02  0.13434E-02  0.26500E+00
-0.57268E+00 -0.28639E+01  0.21499E+01  0.17803E-02  0.13679E-02  0.26750E+00
-0.56864E+00 -0.28562E+01  0.21509E+01  0.18132E-02  0.13925E-02  0.27000E+00
-0.56463E+00 -0.28486E+01  0.21519E+01  0.18461E-02  0.14171E-02  0.27250E+00
-0.56067E+00 -0.28411E+01  0.21530E+01  0.18792E-02  0.14418E-02  0.27500E+00
-0.55674E+00 -0.28337E+01  0.21540E+01  0.19123E-02  0.14665E-02  0.27750E+00
-0.55284E+00 -0.28265E+01  0.21551E+01  0.19454E-02  0.14912E-02  0.28000E+00
-0.54898E+00 -0.28193E+01  0.21562E+01  0.19786E-02  0.15159E-02  0.28250E+00
-0.54516E+00 -0.28123E+01  0.21573E+01  0.20119E-02  0.15405E-02  0.28500E+00
-0.54136E+00 -0.28054E+01  0.21584E+01  0.20451E-02  0.15651E-02  0.28750E+00
-0.53760E+00 -0.27987E+01  0.21596E+01  0.20782E-02  0.15897E-02  0.29000E+00
-0.53387E+00 -0.27921E+01  0.21607E+01  0.21114E-02  0.16141E-02  0.29250E+00
-0.53018E+00 -0.27856E+01  0.21619E+01  0.21444E-02  0.16385E-02  0.29500E+00
-0.52651E+00 -0.27792E+01  0.21631E+01  0.21773E-02  0.16627E-02  0.29750E+00
-0.52288E+00 -0.27729E+01  0.21644E+01  0.22101E-02  0.16868E-02  0.30000E+00
-0.51927E+00 -0.27668E+01  0.21656E+01  0.22427E-02  0.17107E-02  0.30250E+00
-0.51570E+00 -0.27609E+01  0.21669E+01  0.22751E-02  0.17343E-02  0.30500E+00
-0.51215E+00 -0.27550E+01  0.21682E+01  0.23072E-02  0.17578E-02  0.30750E+00
-0.50864E+00 -0.27493E+01  0.21696E+01  0.23391E-02  0.17809E-02  0.31000E+00
-0.50515E+00 -0.27438E+01  0.21710E+01  0.23707E-02  0.18038E-02  0.31250E+00
-0.50169E+00 -0.27384E+01  0.21724E+01  0.24019E-02  0.18264E-02  0.31500E+00
-0.49826E+00 -0.27332E+01  0.21739E+01  0.24327E-02  0.18485E-02  0.31750E+00
-0.49485E+00 -0.27281E+01  0.21754E+01  0.24631E-02  0.18703E-02  0.32000E+00
-0.49147E+00 -0.27232E+01  0.21770E+01  0.24930E-02  0.18917E-02  0.32250E+00
-0.48812E+00 -0.27184E+01  0.21786E+01  0.25223E-02  0.19125E-02  0.32500E+00
-0.48479E+00 -0.27138E+01  0.21803E+01  0.25511E-02  0.19328E-02  0.32750E+00
-0.48149E+00 -0.27094E+01  0.21820E+01  0.25792E-02  0.19526E-02  0.33000E+00
-0.47821E+00 -0.27052E+01  0.21838E+01  0.26066E-02  0.19717E-02  0.33250E+00
-0.47496E+00 -0.27011E+01  0.21857E+01  0.26332E-02  0.19901E-02  0.33500E+00
-0.47173E+00 -0.26973E+01  0.21876E+01  0.26590E-02  0.20078E-02  0.33750E+00
-0.46852E+00 -0.26936E+01  0.21897E+01  0.26839E-02  0.20247E-02  0.34000E+00
-0.46534E+00 -0.26902E+01  0.21918E+01  0.27077E-02  0.20407E-02  0.34250E+00
-0.46218E+00 -0.26870E+01  0.21940E+01  0.27305E-02  0.20559E-02  0.34500E+00
-0.45905E+00 -0.26840E+01  0.21963E+01  0.27522E-02  0.20700E-02  0.34750E+00
-0.45593E+00 -0.26813E+01  0.21987E+01  0.27725E-02  0.20830E-02  0.35000E+00
-0.45284E+00 -0.26788E+01  0.22012E+01  0.27915E-02  0.20949E-02  0.35250E+00
-0.44977E+00 -0.26767E+01  0.22039E+01  0.28091E-02  0.21055E-02  0.35500E+00
-0.44672E+00 -0.26748E+01  0.22067E+01  0.28250E-02  0.21147E-02  0.35750E+00
-0.44370E+00 -0.26732E+01  0.22097E+01  0.28392E-02  0.21225E-02  0.36000E+00
-0.44069E+00 -0.26719E+01  0.22128E+01  0.28515E-02  0.21287E-02  0.36250E+00
-0.43771E+00 -0.26710E+01  0.22162E+01  0.28619E-02  0.21331E-02  0.36500E+00
-0.43474E+00 -0.26704E+01  0.22198E+01  0.28700E-02  0.21358E-02  0.36750E+00
-0.43180E+00 -0.26703E+01  0.22235E+01  0.28758E-02  0.21364E-02  0.37000E+00
-0.42887E+00 -0.26706E+01  0.22276E+01  0.28790E-02  0.21349E-02  0.37250E+00
-0.42597E+00 -0.26714E+01  0.22320E+01  0.28794E-02  0.21310E-02  0.37500E+00
-0.42308E+00 -0.26727E+01  0.22367E+01  0.28767E-02  0.21245E-02  0.37750E+00
-0.42022E+00 -0.26746E+01  0.22418E+01  0.28707E-02  0.21153E-02  0.38000E+00
-0.41737E+00 -0.26772E+01  0.22473E+01  0.28610E-02  0.21030E-02  0.38250E+00
-0.41454E+00 -0.26804E+01  0.22534E+01  0.28473E-02  0.20873E-02  0.38500E+00
-0.41173E+00 -0.26845E+01  0.22600E+01  0.28292E-02  0.20678E-02  0.38750E+00
-0.40894E+00 -0.26895E+01  0.22674E+01  0.28061E-02  0.20443E-02  0.39000E+00
-0.40616E+00 -0.26955E+01  0.22756E+01  0.27775E-02  0.20162E-02  0.39250E+00
-0.40340E+00 -0.27027E+01  0.22848E+01  0.27427E-02  0.19829E-02  0.39500E+00
-0.40066E+00 -0.27114E+01  0.22953E+01  0.27008E-02  0.19437E-02  0.39750E+00
-0.39794E+00 -0.27217E+01  0.23073E+01  0.26509E-02  0.18978E-02  0.40000E+00
-0.39523E+00 -0.27342E+01  0.23213E+01  0.25916E-02  0.18442E-02  0.40250E+00
-0.39254E+00 -0.27493E+01  0.23380E+01  0.25211E-02  0.17812E-02  0.40500E+00
-0.38987E+00 -0.27677E+01  0.23583E+01  0.24371E-02  0.17071E-02  0.40750E+00
-0.38722E+00 -0.27908E+01  0.23837E+01  0.23363E-02  0.16190E-02  0.41000E+00
-0.38458E+00 -0.28203E+01  0.24172E+01  0.22132E-02  0.15125E-02  0.41250E+00
-0.38195E+00 -0.28601E+01  0.24643E+01  0.20588E-02  0.13800E-02  0.41500E+00
-0.37934E+00 -0.29187E+01  0.25396E+01  0.18540E-02  0.12059E-02  0.41750E+00
-0.37675E+00 -0.30265E+01  0.27022E+01  0.15391E-02  0.94090E-03  0.42000E+00
-0.37417E+00 -0.33009E+01  0.33412E+01  0.10116E-02  0.50012E-03  0.42250E+00
-0.37161E+00 -0.32951E+01  0.33434E+01  0.10259E-02  0.50686E-03  0.42500E+00
-0.36906E+00 -0.32893E+01  0.33456E+01  0.10403E-02  0.51365E-03  0.42750E+00
-0.36653E+00 -0.32836E+01  0.33478E+01  0.10549E-02  0.52049E-03  0.43000E+00
-0.36401E+00 -0.32779E+01  0.33500E+01  0.10695E-02  0.52738E-03  0.43250E+00
-0.36151E+00 -0.32722E+01  0.33522E+01  0.10843E-02  0.53431E-03  0.43500E+00
-0.35902E+00 -0.32666E+01  0.33544E+01  0.10992E-02  0.54129E-03  0.43750E+00
-0.35655E+00 -0.32610E+01  0.33566E+01  0.11142E-02  0.54832E-03  0.44000E+00
-0.35409E+00 -0.32554E+01  0.33588E+01  0.11293E-02  0.55540E-03  0.44250E+00
-0.35164E+00 -0.32499E+01  0.33609E+01  0.11445E-02  0.56252E-03  0.44500E+00
-0.34921E+00 -0.32444E+01  0.33631E+01  0.11599E-02  0.56969E-03  0.44750E+00
-0.34679E+00 -0.32389E+01  0.33653E+01  0.11753E-02  0.57691E-03  0.45000E+00
-0.34438E+00 -0.32335E+01  0.33675E+01  0.11909E-02  0.58418E-03  0.45250E+00
-0.34199E+00 -0.32280E+01  0.33696E+01  0.12066E-02  0.59150E-03  0.45500E+00
-0.33961E+00 -0.32227E+01  0.33718E+01  0.12224E-02  0.59886E-03  0.45750E+00
-0.33724E+00 -0.32173E+01  0.33739E+01  0.12383E-02  0.60628E-03  0.46000E+00
-0.33489E+00 -0.32120E+01  0.33761E+01  0.12544E-02  0.61374E-03  0.46250E+00
-0.33255E+00 -0.32067E+01  0.33782E+01  0.12705E-02  0.62126E-03  0.46500E+00
-0.33022E+00 -0.32015E+01  0.33803E+01  0.12868E-02  0.62882E-03  0.46750E+00
-0.32790E+00 -0.31962E+01  0.33825E+01  0.13032E-02  0.63644E-03  0.47000E+00
-0.32560E+00 -0.31910E+01  0.33846E+01  0.13197E-02  0.64411E-03  0.47250E+00
-0.32331E+00 -0.31859E+01  0.33867E+01  0.13364E-02  0.65182E-03  0.47500E+00
-0.32103E+00 -0.31807E+01  0.33888E+01  0.13531E-02  0.65959E-03  0.47750E+00
-0.31876E+00 -0.31756E+01  0.33909E+01  0.13700E-02  0.66741E-03  0.48000E+00
-0.31650E+00 -0.31705E+01  0.33930E+01  0.13870E-02  0.67528E-03  0.48250E+00
-0.31426E+00 -0.31655E+01  0.33951E+01  0.14042E-02  0.68320E-03  0.48500E+00
-0.31203E+00 -0.31604E+01  0.33971E+01  0.14214E-02  0.69118E-03  0.48750E+00
-0.30980E+00 -0.31554E+01  0.33992E+01  0.14388E-02  0.69920E-03  0.49000E+00
-0.30759E+00 -0.31504E+01  0.34013E+01  0.14563E-02  0.70728E-03  0.49250E+00
-0.30539E+00 -0.31454E+01  0.34033E+01  0.14739E-02  0.71542E-03  0.49500E+00
-0.30321E+00 -0.31405E+01  0.34053E+01  0.14917E-02  0.72360E-03  0.49750E+00
-0.30103E+00 -0.31356E+01  0.34074E+01  0.15096E-02  0.73185E-03  0.50000E+00
-0.29886E+00 -0.31307E+01  0.34094E+01  0.15276E-02  0.74014E-03  0.50250E+00
-0.29671E+00 -0.31258E+01  0.34114E+01  0.15458E-02  0.74849E-03  0.50500E+00
-0.29456E+00 -0.31210E+01  0.34134E+01  0.15640E-02  0.75690E-03  0.50750E+00
-0.29243E+00 -0.31161E+01  0.34154E+01  0.15825E-02  0.76536E-03  0.51000E+00
-0.29031E+00 -0.31113E+01  0.34174E+01  0.16010E-02  0.77387E-03  0.51250E+00
-0.28819E+00 -0.31065E+01  0.34194E+01  0.16197E-02  0.78244E-03  0.51500E+00
-0.28609E+00 -0.31018E+01  0.34214E+01  0.16385E-02  0.79107E-03  0.51750E+00
-0.28400E+00 -0.30970E+01  0.34233E+01  0.16574E-02  0.79976E-03  0.52000E+00
-0.28191E+00 -0.30923E+01  0.34253E+01  0.16765E-02  0.80850E-03  0.52250E+00
-0.27984E+00 -0.30876E+01  0.34272E+01  0.16957E-02  0.81730E-03  0.52500E+00
-0.27778E+00 -0.30829E+01  0.34292E+01  0.17150E-02  0.82616E-03  0.52750E+00
-0.27572E+00 -0.30783E+01  0.34311E+01  0.17345E-02  0.83507E-03  0.53000E+00
-0.27368E+00 -0.30736E+01  0.34330E+01  0.17541E-02  0.84405E-03  0.53250E+00
-0.27165E+00 -0.30690E+01  0.34349E+01  0.17739E-02  0.85308E-03  0.53500E+00
-0.26962E+00 -0.30644E+01  0.34368E+01  0.17938E-02  0.86218E-03  0.53750E+00
-0.26761E+00 -0.30598E+01  0.34387E+01  0.18138E-02  0.87133E-03  0.54000E+00
-0.26560E+00 -0.30552E+01  0.34405E+01  0.18340E-02  0.88055E-03  0.54250E+00
-0.26360E+00 -0.30507E+01  0.34424E+01  0.18543E-02  0.88982E-03  0.54500E+00
-0.26162E+00 -0.30462E+01  0.34442E+01  0.18748E-02  0.89916E-03  0.54750E+00
-0.25964E+00 -0.30416E+01  0.34461E+01  0.18954E-02  0.90856E-03  0.55000E+00
-0.25767E+00 -0.30371E+01  0.34479E+01  0.19162E-02  0.91803E-03  0.55250E+00
-0.25571E+00 -0.30327E+01  0.34497E+01  0.19371E-02  0.92755E-03  0.55500E+00
-0.25376E+00 -0.30282E+01  0.34515E+01  0.19581E-02  0.93714E-03  0.55750E+00
-0.25181E+00 -0.30237E+01  0.34533E+01  0.19793E-02  0.94679E-03  0.56000E+00
-0.24988E+00 -0.30193E+01  0.34551E+01  0.20006E-02  0.95651E-03  0.56250E+00
-0.24795E+00 -0.30149E+01  0.34568E+01  0.20221E-02  0.96629E-03  0.56500E+00
-0.24603E+00 -0.30105E+01  0.34586E+01  0.20438E-02  0.97614E-03  0.56750E+00
-0.24413E+00 -0.30061E+01  0.34603E+01  0.20656E-02  0.98606E-03  0.57000E+00
-0.24222E+00 -0.30017E+01  0.34620E+01  0.20875E-02  0.99604E-03  0.57250E+00
-0.24033E+00 -0.29974E+01  0.34638E+01  0.21096E-02  0.10061E-02  0.57500E+00
-0.23845E+00 -0.29930E+01  0.34655E+01  0.21319E-02  0.10162E-02  0.57750E+00
-0.23657E+00 -0.29887E+01  0.34672E+01  0.21543E-02  0.10264E-02  0.58000E+00
-0.23470E+00 -0.29844E+01  0.34688E+01  0.21769E-02  0.10366E-02  0.58250E+00
-0.23284E+00 -0.29801E+01  0.34705E+01  0.21996E-02  0.10470E-02  0.58500E+00
-0.23099E+00 -0.29758E+01  0.34721E+01  0.22225E-02  0.10573E-02  0.58750E+00
-0.22915E+00 -0.29715E+01  0.34738E+01  0.22455E-02  0.10678E-02  0.59000E+00
-0.22731E+00 -0.29672E+01  0.34754E+01  0.22687E-02  0.10783E-02  0.59250E+00
-0.22548E+00 -0.29630E+01  0.34770E+01  0.22921E-02  0.10889E-02  0.59500E+00
-0.22366E+00 -0.29588E+01  0.34786E+01  0.23156E-02  0.10996E-02  0.59750E+00
-0.22185E+00 -0.29545E+01  0.34802E+01  0.23393E-02  0.11104E-02  0.60000E+00
-0.22004E+00 -0.29503E+01  0.34818E+01  0.23632E-02  0.11212E-02  0.60250E+00
-0.21824E+00 -0.29461E+01  0.34833E+01  0.23872E-02  0.11321E-02  0.60500E+00
-0.21645E+00 -0.29419E+01  0.34849E+01  0.24114E-02  0.11430E-02  0.60750E+00
-0.21467E+00 -0.29378E+01  0.34864E+01  0.24357E-02  0.11541E-02  0.61000E+00
-0.21289E+00 -0.29336E+01  0.34879E+01  0.24603E-02  0.11652E-02  0.61250E+00
-0.21112E+00 -0.29294E+01  0.34894E+01  0.24850E-02  0.11764E-02  0.61500E+00
-0.20936E+00 -0.29253E+01  0.34909E+01  0.25099E-02  0.11877E-02  0.61750E+00
-0.20761E+00 -0.29212E+01  0.34923E+01  0.25349E-02  0.11990E-02  0.62000E+00
-0.20586E+00 -0.29171E+01  0.34938E+01  0.25601E-02  0.12104E-02  0.62250E+00
-0.20412E+00 -0.29130E+01  0.34952E+01  0.25855E-02  0.12219E-02  0.62500E+00
-0.20239E+00 -0.29089E+01  0.34967E+01  0.26111E-02  0.12335E-02  0.62750E+00
-0.20066E+00 -0.29048E+01  0.34981E+01  0.26368E-02  0.12452E-02  0.63000E+00
-0.19894E+00 -0.29007E+01  0.34995E+01  0.26628E-02  0.12569E-02  0.63250E+00
-0.19723E+00 -0.28966E+01  0.35009E+01  0.26889E-02  0.12687E-02  0.63500E+00
-0.19552E+00 -0.28926E+01  0.35022E+01  0.27152E-02  0.12806E-02  0.63750E+00
-0.19382E+00 -0.28885E+01  0.35036E+01  0.27416E-02  0.12926E-02  0.64000E+00
-0.19213E+00 -0.28845E+01  0.35049E+01  0.27683E-02  0.13047E-02  0.64250E+00
-0.19044E+00 -0.28805E+01  0.35063E+01  0.27951E-02  0.13168E-02  0.64500E+00
-0.18876E+00 -0.28764E+01  0.35076E+01  0.28221E-02  0.13291E-02  0.64750E+00
-0.18709E+00 -0.28724E+01  0.35089E+01  0.28494E-02  0.13414E-02  0.65000E+00
-0.18542E+00 -0.28684E+01  0.35101E+01  0.28768E-02  0.13538E-02  0.65250E+00
-0.18376E+00 -0.28645E+01  0.35114E+01  0.29043E-02  0.13663E-02  0.65500E+00
-0.18210E+00 -0.28605E+01  0.35127E+01  0.29321E-02  0.13789E-02  0.65750E+00
-0.18046E+00 -0.28565E+01  0.35139E+01  0.29601E-02  0.13915E-02  0.66000E+00
-0.17881E+00 -0.28525E+01  0.35151E+01  0.29882E-02  0.14043E-02  0.66250E+00
-0.17718E+00 -0.28486E+01  0.35163E+01  0.30166E-02  0.14171E-02  0.66500E+00
-0.17555E+00 -0.28447E+01  0.35175E+01  0.30452E-02  0.14300E-02  0.66750E+00
-0.17393E+00 -0.28407E+01  0.35187E+01  0.30739E-02  0.14431E-02  0.67000E+00
-0.17231E+00 -0.28368E+01  0.35199E+01  0.31028E-02  0.14562E-02  0.67250E+00
-0.17070E+00 -0.28329E+01  0.35210E+01  0.31320E-02  0.14694E-02  0.67500E+00
-0.16909E+00 -0.28290E+01  0.35221E+01  0.31613E-02  0.14827E-02  0.67750E+00
-0.16749E+00 -0.28251E+01  0.35233E+01  0.31909E-02  0.14960E-02  0.68000E+00
-0.16590E+00 -0.28212E+01  0.35244E+01  0.32206E-02  0.15095E-02  0.68250E+00
-0.16431E+00 -0.28173E+01  0.35255E+01  0.32505E-02  0.15231E-02  0.68500E+00
-0.16273E+00 -0.28134E+01  0.35265E+01  0.32807E-02  0.15367E-02  0.68750E+00
-0.16115E+00 -0.28095E+01  0.35276E+01  0.33111E-02  0.15505E-02  0.69000E+00
-0.15958E+00 -0.28057E+01  0.35286E+01  0.33416E-02  0.15643E-02  0.69250E+00
-0.15802E+00 -0.28018E+01  0.35297E+01  0.33724E-02  0.15783E-02  0.69500E+00
-0.15646E+00 -0.27980E+01  0.35307E+01  0.34034E-02  0.15923E-02  0.69750E+00
-0.15490E+00 -0.27941E+01  0.35317E+01  0.34346E-02  0.16065E-02  0.70000E+00
-0.15335E+00 -0.27903E+01  0.35327E+01  0.34660E-02  0.16207E-02  0.70250E+00
-0.15181E+00 -0.27865E+01  0.35336E+01  0.34976E-02  0.16350E-02  0.70500E+00
-0.15027E+00 -0.27827E+01  0.35346E+01  0.35294E-02  0.16495E-02  0.70750E+00
-0.14874E+00 -0.27789E+01  0.35355E+01  0.35614E-02  0.16640E-02  0.71000E+00
-0.14722E+00 -0.27750E+01  0.35364E+01  0.35937E-02  0.16786E-02  0.71250E+00
-0.14569E+00 -0.27713E+01  0.35374E+01  0.36262E-02  0.16933E-02  0.71500E+00
-0.14418E+00 -0.27675E+01  0.35383E+01  0.36588E-02  0.17082E-02  0.71750E+00
-0.14267E+00 -0.27637E+01  0.35391E+01  0.36918E-02  0.17231E-02  0.72000E+00
-0.14116E+00 -0.27599E+01  0.35400E+01  0.37249E-02  0.17381E-02  0.72250E+00
-0.13966E+00 -0.27561E+01  0.35409E+01  0.37582E-02  0.17533E-02  0.72500E+00
-0.13817E+00 -0.27524E+01  0.35417E+01  0.37918E-02  0.17685E-02  0.72750E+00
-0.13668E+00 -0.27486E+01  0.35425E+01  0.38256E-02  0.17839E-02  0.73000E+00
-0.13519E+00 -0.27449E+01  0.35433E+01  0.38596E-02  0.17993E-02  0.73250E+00
-0.13371E+00 -0.27412E+01  0.35441E+01  0.38939E-02  0.18149E-02  0.73500E+00
-0.13224E+00 -0.27374E+01  0.35449E+01  0.39283E-02  0.18305E-02  0.73750E+00
-0.13077E+00 -0.27337E+01  0.35457E+01  0.39631E-02  0.18463E-02  0.74000E+00
-0.12930E+00 -0.27300E+01  0.35465E+01  0.39980E-02  0.18622E-02  0.74250E+00
-0.12784E+00 -0.27263E+01  0.35472E+01  0.40331E-02  0.18782E-02  0.74500E+00
-0.12639E+00 -0.27226E+01  0.35479E+01  0.40685E-02  0.18943E-02  0.74750E+00
-0.12494E+00 -0.27189E+01  0.35486E+01  0.41042E-02  0.19105E-02  0.75000E+00
-0.12349E+00 -0.27152E+01  0.35494E+01  0.41400E-02  0.19268E-02  0.75250E+00
-0.12205E+00 -0.27115E+01  0.35500E+01  0.41761E-02  0.19432E-02  0.75500E+00
-0.12062E+00 -0.27078E+01  0.35507E+01  0.42124E-02  0.19597E-02  0.75750E+00
-0.11919E+00 -0.27041E+01  0.35514E+01  0.42490E-02  0.19764E-02  0.76000E+00
-0.11776E+00 -0.27005E+01  0.35520E+01  0.42858E-02  0.19931E-02  0.76250E+00
-0.11634E+00 -0.26968E+01  0.35527E+01  0.43228E-02  0.20100E-02  0.76500E+00
-0.11492E+00 -0.26932E+01  0.35533E+01  0.43601E-02  0.20269E-02  0.76750E+00
-0.11351E+00 -0.26895E+01  0.35539E+01  0.43976E-02  0.20440E-02  0.77000E+00
-0.11210E+00 -0.26859E+01  0.35545E+01  0.44354E-02  0.20612E-02  0.77250E+00
-0.11070E+00 -0.26822E+01  0.35551E+01  0.44734E-02  0.20785E-02  0.77500E+00
-0.10930E+00 -0.26786E+01  0.35557E+01  0.45116E-02  0.20960E-02  0.77750E+00
-0.10791E+00 -0.26750E+01  0.35562E+01  0.45501E-02  0.21135E-02  0.78000E+00
-0.10652E+00 -0.26714E+01  0.35568E+01  0.45888E-02  0.21312E-02  0.78250E+00
-0.10513E+00 -0.26678E+01  0.35573E+01  0.46278E-02  0.21489E-02  0.78500E+00
-0.10375E+00 -0.26642E+01  0.35579E+01  0.46670E-02  0.21668E-02  0.78750E+00
-0.10237E+00 -0.26606E+01  0.35584E+01  0.47064E-02  0.21848E-02  0.79000E+00
-0.10100E+00 -0.26570E+01  0.35589E+01  0.47462E-02  0.22030E-02  0.79250E+00
-0.99633E-01 -0.26534E+01  0.35594E+01  0.47861E-02  0.22212E-02  0.79500E+00
-0.98269E-01 -0.26498E+01  0.35599E+01  0.48263E-02  0.22396E-02  0.79750E+00
-0.96910E-01 -0.26463E+01  0.35603E+01  0.48668E-02  0.22580E-02  0.80000E+00
-0.95555E-01 -0.26427E+01  0.35608E+01  0.49075E-02  0.22766E-02  0.80250E+00
-0.94204E-01 -0.26392E+01  0.35612E+01  0.49484E-02  0.22953E-02  0.80500E+00
-0.92857E-01 -0.26356E+01  0.35617E+01  0.49896E-02  0.23142E-02  0.80750E+00
-0.91515E-01 -0.26321E+01  0.35621E+01  0.50311E-02  0.23331E-02  0.81000E+00
-0.90177E-01 -0.26285E+01  0.35625E+01  0.50728E-02  0.23522E-02  0.81250E+00
-0.88842E-01 -0.26250E+01  0.35629E+01  0.51148E-02  0.23714E-02  0.81500E+00
-0.87512E-01 -0.26215E+01  0.35633E+01  0.51570E-02  0.23907E-02  0.81750E+00
-0.86186E-01 -0.26180E+01  0.35637E+01  0.51995E-02  0.24101E-02  0.82000E+00
-0.84864E-01 -0.26145E+01  0.35641E+01  0.52422E-02  0.24296E-02  0.82250E+00
-0.83546E-01 -0.26110E+01  0.35645E+01  0.52852E-02  0.24493E-02  0.82500E+00
-0.82232E-01 -0.26075E+01  0.35648E+01  0.53285E-02  0.24691E-02  0.82750E+00
-0.80922E-01 -0.26040E+01  0.35652E+01  0.53720E-02  0.24890E-02  0.83000E+00
-0.79616E-01 -0.26005E+01  0.35655E+01  0.54157E-02  0.25091E-02  0.83250E+00
-0.78314E-01 -0.25970E+01  0.35659E+01  0.54597E-02  0.25292E-02  0.83500E+00
-0.77015E-01 -0.25935E+01  0.35662E+01  0.55040E-02  0.25495E-02  0.83750E+00
-0.75721E-01 -0.25901E+01  0.35665E+01  0.55485E-02  0.25699E-02  0.84000E+00
-0.74430E-01 -0.25866E+01  0.35668E+01  0.55933E-02  0.25904E-02  0.84250E+00
-0.73143E-01 -0.25832E+01  0.35671E+01  0.56384E-02  0.26111E-02  0.84500E+00
-0.71860E-01 -0.25797E+01  0.35674E+01  0.56837E-02  0.26318E-02  0.84750E+00
-0.70581E-01 -0.25763E+01  0.35677E+01  0.57292E-02  0.26527E-02  0.85000E+00
-0.69306E-01 -0.25729E+01  0.35679E+01  0.57751E-02  0.26737E-02  0.85250E+00
-0.68034E-01 -0.25695E+01  0.35682E+01  0.58212E-02  0.26949E-02  0.85500E+00
-0.66766E-01 -0.25660E+01  0.35685E+01  0.58675E-02  0.27161E-02  0.85750E+00
-0.65502E-01 -0.25626E+01  0.35687E+01  0.59141E-02  0.27375E-02  0.86000E+00
-0.64241E-01 -0.25592E+01  0.35689E+01  0.59610E-02  0.27590E-02  0.86250E+00
-0.62984E-01 -0.25559E+01  0.35692E+01  0.60081E-02  0.27807E-02  0.86500E+00
-0.61731E-01 -0.25525E+01  0.35694E+01  0.60555E-02  0.28024E-02  0.86750E+00
-0.60481E-01 -0.25491E+01  0.35696E+01  0.61032E-02  0.28243E-02  0.87000E+00
-0.59235E-01 -0.25457E+01  0.35698E+01  0.61511E-02  0.28463E-02  0.87250E+00
-0.57992E-01 -0.25424E+01  0.35701E+01  0.61993E-02  0.28684E-02  0.87500E+00
-0.56753E-01 -0.25390E+01  0.35703E+01  0.62477E-02  0.28907E-02  0.87750E+00
-0.55517E-01 -0.25357E+01  0.35705E+01  0.62964E-02  0.29130E-02  0.88000E+00
-0.54285E-01 -0.25323E+01  0.35706E+01  0.63453E-02  0.29355E-02  0.88250E+00
-0.53057E-01 -0.25290E+01  0.35708E+01  0.63946E-02  0.29581E-02  0.88500E+00
-0.51832E-01 -0.25257E+01  0.35710E+01  0.64440E-02  0.29809E-02  0.88750E+00
-0.50610E-01 -0.25223E+01  0.35712E+01  0.64938E-02  0.30037E-02  0.89000E+00
-0.49392E-01 -0.25190E+01  0.35713E+01  0.65438E-02  0.30267E-02  0.89250E+00
-0.48177E-01 -0.25157E+01  0.35715E+01  0.65940E-02  0.30498E-02  0.89500E+00
-0.46966E-01 -0.25124E+01  0.35717E+01  0.66445E-02  0.30731E-02  0.89750E+00
-0.45758E-01 -0.25091E+01  0.35718E+01  0.66953E-02  0.30964E-02  0.90000E+00
-0.44553E-01 -0.25059E+01  0.35720E+01  0.67463E-02  0.31199E-02  0.90250E+00
-0.43351E-01 -0.25026E+01  0.35721E+01  0.67976E-02  0.31435E-02  0.90500E+00
-0.42153E-01 -0.24993E+01  0.35723E+01  0.68492E-02  0.31672E-02  0.90750E+00
-0.40959E-01 -0.24961E+01  0.35724E+01  0.69009E-02  0.31910E-02  0.91000E+00
-0.39767E-01 -0.24928E+01  0.35725E+01  0.69530E-02  0.32150E-02  0.91250E+00
-0.38579E-01 -0.24896E+01  0.35727E+01  0.70053E-02  0.32390E-02  0.91500E+00
-0.37394E-01 -0.24864E+01  0.35728E+01  0.70579E-02  0.32632E-02  0.91750E+00
-0.36212E-01 -0.24831E+01  0.35729E+01  0.71107E-02  0.32875E-02  0.92000E+00
-0.35034E-01 -0.24799E+01  0.35730E+01  0.71638E-02  0.33120E-02  0.92250E+00
-0.33858E-01 -0.24767E+01  0.35731E+01  0.72171E-02  0.33365E-02  0.92500E+00
-0.32686E-01 -0.24735E+01  0.35733E+01  0.72707E-02  0.33612E-02  0.92750E+00
-0.31517E-01 -0.24703E+01  0.35734E+01  0.73245E-02  0.33859E-02  0.93000E+00
-0.30351E-01 -0.24671E+01  0.35735E+01  0.73786E-02  0.34108E-02  0.93250E+00
-0.29188E-01 -0.24640E+01  0.35736E+01  0.74329E-02  0.34358E-02  0.93500E+00
-0.28029E-01 -0.24608E+01  0.35737E+01  0.74875E-02  0.34610E-02  0.93750E+00
-0.26872E-01 -0.24576E+01  0.35738E+01  0.75423E-02  0.34862E-02  0.94000E+00
-0.25719E-01 -0.24545E+01  0.35739E+01  0.75973E-02  0.35116E-02  0.94250E+00
-0.24568E-01 -0.24514E+01  0.35740E+01  0.76527E-02  0.35370E-02  0.94500E+00
-0.23421E-01 -0.24482E+01  0.35741E+01  0.77082E-02  0.35626E-02  0.94750E+00
-0.22276E-01 -0.24451E+01  0.35742E+01  0.77640E-02  0.35883E-02  0.95000E+00
-0.21135E-01 -0.24420E+01  0.35743E+01  0.78200E-02  0.36141E-02  0.95250E+00
-0.19997E-01 -0.24389E+01  0.35744E+01  0.78763E-02  0.36400E-02  0.95500E+00
-0.18861E-01 -0.24358E+01  0.35745E+01  0.79328E-02  0.36660E-02  0.95750E+00
-0.17729E-01 -0.24327E+01  0.35746E+01  0.79895E-02  0.36921E-02  0.96000E+00
-0.16599E-01 -0.24296E+01  0.35747E+01  0.80465E-02  0.37184E-02  0.96250E+00
-0.15473E-01 -0.24266E+01  0.35748E+01  0.81037E-02  0.37447E-02  0.96500E+00
-0.14349E-01 -0.24235E+01  0.35749E+01  0.81612E-02  0.37711E-02  0.96750E+00
-0.13228E-01 -0.24205E+01  0.35749E+01  0.82188E-02  0.37977E-02  0.97000E+00
-0.12110E-01 -0.24174E+01  0.35750E+01  0.82767E-02  0.38243E-02  0.97250E+00
-0.10995E-01 -0.24144E+01  0.35751E+01  0.83349E-02  0.38511E-02  0.97500E+00
-0.98832E-02 -0.24114E+01  0.35752E+01  0.83932E-02  0.38780E-02  0.97750E+00
-0.87739E-02 -0.24084E+01  0.35753E+01  0.84518E-02  0.39049E-02  0.98000E+00
-0.76675E-02 -0.24054E+01  0.35754E+01  0.85106E-02  0.39320E-02  0.98250E+00
-0.65638E-02 -0.24024E+01  0.35755E+01  0.85696E-02  0.39591E-02  0.98500E+00
-0.54629E-02 -0.23994E+01  0.35756E+01  0.86288E-02  0.39864E-02  0.98750E+00
-0.43648E-02 -0.23965E+01  0.35757E+01  0.86883E-02  0.40137E-02  0.99000E+00
-0.32695E-02 -0.23935E+01  0.35758E+01  0.87479E-02  0.40411E-02  0.99250E+00
-0.21769E-02 -0.23905E+01  0.35760E+01  0.88078E-02  0.40687E-02  0.99500E+00
-0.10871E-02 -0.23876E+01  0.35761E+01  0.88678E-02  0.40963E-02  0.99750E+00
-0.97072E-08 -0.23847E+01  0.35762E+01  0.89281E-02  0.41240E-02  0.10000E+01
 0.10844E-02 -0.23818E+01  0.35763E+01  0.89886E-02  0.41518E-02  0.10025E+01
 0.21661E-02 -0.23789E+01  0.35764E+01  0.90492E-02  0.41797E-02  0.10050E+01
 0.32450E-02 -0.23760E+01  0.35765E+01  0.91101E-02  0.42076E-02  0.10075E+01
 0.43214E-02 -0.23731E+01  0.35767E+01  0.91712E-02  0.42357E-02  0.10100E+01
 0.53950E-02 -0.23702E+01  0.35768E+01  0.92324E-02  0.42638E-02  0.10125E+01
 0.64660E-02 -0.23673E+01  0.35769E+01  0.92939E-02  0.42920E-02  0.10150E+01
 0.75344E-02 -0.23645E+01  0.35771E+01  0.93555E-02  0.43203E-02  0.10175E+01
 0.86002E-02 -0.23616E+01  0.35772E+01  0.94173E-02  0.43487E-02  0.10200E+01
 0.96633E-02 -0.23588E+01  0.35774E+01  0.94793E-02  0.43772E-02  0.10225E+01
 0.10724E-01 -0.23560E+01  0.35775E+01  0.95415E-02  0.44057E-02  0.10250E+01
 0.11782E-01 -0.23532E+01  0.35777E+01  0.96038E-02  0.44343E-02  0.10275E+01
 0.12837E-01 -0.23504E+01  0.35778E+01  0.96663E-02  0.44629E-02  0.10300E+01
 0.13890E-01 -0.23476E+01  0.35780E+01  0.97290E-02  0.44917E-02  0.10325E+01
 0.14940E-01 -0.23448E+01  0.35781E+01  0.97918E-02  0.45205E-02  0.10350E+01
 0.15988E-01 -0.23421E+01  0.35783E+01  0.98548E-02  0.45493E-02  0.10375E+01
 0.17033E-01 -0.23393E+01  0.35785E+01  0.99180E-02  0.45783E-02  0.10400E+01
 0.18076E-01 -0.23366E+01  0.35787E+01  0.99813E-02  0.46073E-02  0.10425E+01
 0.19116E-01 -0.23338E+01  0.35789E+01  0.10045E-01  0.46363E-02  0.10450E+01
 0.20154E-01 -0.23311E+01  0.35791E+01  0.10108E-01  0.46654E-02  0.10475E+01
 0.21189E-01 -0.23284E+01  0.35793E+01  0.10172E-01  0.46946E-02  0.10500E+01
 0.22222E-01 -0.23257E+01  0.35795E+01  0.10236E-01  0.47238E-02  0.10525E+01
 0.23252E-01 -0.23230E+01  0.35797E+01  0.10300E-01  0.47530E-02  0.10550E+01
 0.24280E-01 -0.23204E+01  0.35799E+01  0.10364E-01  0.47823E-02  0.10575E+01
 0.25306E-01 -0.23177E+01  0.35802E+01  0.10428E-01  0.48117E-02  0.10600E+01
 0.26329E-01 -0.23151E+01  0.35804E+01  0.10493E-01  0.48411E-02  0.10625E+01
 0.27350E-01 -0.23124E+01  0.35807E+01  0.10557E-01  0.48705E-02  0.10650E+01
 0.28368E-01 -0.23098E+01  0.35809E+01  0.10622E-01  0.49000E-02  0.10675E+01
 0.29384E-01 -0.23072E+01  0.35812E+01  0.10687E-01  0.49295E-02  0.10700E+01
 0.30397E-01 -0.23046E+01  0.35814E+01  0.10752E-01  0.49590E-02  0.10725E+01
 0.31408E-01 -0.23020E+01  0.35817E+01  0.10817E-01  0.49886E-02  0.10750E+01
 0.32417E-01 -0.22995E+01  0.35820E+01  0.10882E-01  0.50182E-02  0.10775E+01
 0.33424E-01 -0.22969E+01  0.35823E+01  0.10947E-01  0.50478E-02  0.10800E+01
 0.34428E-01 -0.22944E+01  0.35826E+01  0.11012E-01  0.50775E-02  0.10825E+01
 0.35430E-01 -0.22918E+01  0.35829E+01  0.11077E-01  0.51071E-02  0.10850E+01
 0.36429E-01 -0.22893E+01  0.35832E+01  0.11143E-01  0.51368E-02  0.10875E+01
 0.37426E-01 -0.22868E+01  0.35836E+01  0.11208E-01  0.51665E-02  0.10900E+01
 0.38421E-01 -0.22843E+01  0.35839E+01  0.11274E-01  0.51962E-02  0.10925E+01
 0.39414E-01 -0.22818E+01  0.35843E+01  0.11339E-01  0.52259E-02  0.10950E+01
 0.40405E-01 -0.22794E+01  0.35846E+01  0.11405E-01  0.52556E-02  0.10975E+01
 0.41393E-01 -0.22769E+01  0.35850E+01  0.11471E-01  0.52853E-02  0.11000E+01
 0.42379E-01 -0.22745E+01  0.35854E+01  0.11536E-01  0.53151E-02  0.11025E+01
 0.43362E-01 -0.22721E+01  0.35858E+01  0.11602E-01  0.53448E-02  0.11050E+01
 0.44344E-01 -0.22697E+01  0.35862E+01  0.11668E-01  0.53745E-02  0.11075E+01
 0.45323E-01 -0.22673E+01  0.35866E+01  0.11734E-01  0.54042E-02  0.11100E+01
 0.46300E-01 -0.22649E+01  0.35870E+01  0.11800E-01  0.54338E-02  0.11125E+01
 0.47275E-01 -0.22625E+01  0.35875E+01  0.11865E-01  0.54635E-02  0.11150E+01
 0.48248E-01 -0.22602E+01  0.35879E+01  0.11931E-01  0.54931E-02  0.11175E+01
 0.49218E-01 -0.22578E+01  0.35884E+01  0.11997E-01  0.55228E-02  0.11200E+01
 0.50186E-01 -0.22555E+01  0.35889E+01  0.12063E-01  0.55523E-02  0.11225E+01
 0.51153E-01 -0.22532E+01  0.35894E+01  0.12129E-01  0.55819E-02  0.11250E+01
 0.52117E-01 -0.22509E+01  0.35899E+01  0.12195E-01  0.56114E-02  0.11275E+01
 0.53078E-01 -0.22487E+01  0.35904E+01  0.12261E-01  0.56409E-02  0.11300E+01
 0.54038E-01 -0.22464E+01  0.35909E+01  0.12326E-01  0.56704E-02  0.11325E+01
 0.54996E-01 -0.22441E+01  0.35914E+01  0.12392E-01  0.56997E-02  0.11350E+01
 0.55951E-01 -0.22419E+01  0.35920E+01  0.12458E-01  0.57291E-02  0.11375E+01
 0.56905E-01 -0.22397E+01  0.35926E+01  0.12524E-01  0.57584E-02  0.11400E+01
 0.57856E-01 -0.22375E+01  0.35932E+01  0.12589E-01  0.57876E-02  0.11425E+01
 0.58805E-01 -0.22353E+01  0.35938E+01  0.12655E-01  0.58168E-02  0.11450E+01
 0.59753E-01 -0.22331E+01  0.35944E+01  0.12720E-01  0.58459E-02  0.11475E+01
 0.60698E-01 -0.22310E+01  0.35950E+01  0.12786E-01  0.58749E-02  0.11500E+01
 0.61641E-01 -0.22289E+01  0.35956E+01  0.12851E-01  0.59039E-02  0.11525E+01
 0.62582E-01 -0.22267E+01  0.35963E+01  0.12916E-01  0.59328E-02  0.11550E+01
 0.63521E-01 -0.22246E+01  0.35970E+01  0.12981E-01  0.59616E-02  0.11575E+01
 0.64458E-01 -0.22226E+01  0.35977E+01  0.13046E-01  0.59903E-02  0.11600E+01
 0.65393E-01 -0.22205E+01  0.35984E+01  0.13111E-01  0.60189E-02  0.11625E+01
 0.66326E-01 -0.22184E+01  0.35991E+01  0.13176E-01  0.60474E-02  0.11650E+01
 0.67257E-01 -0.22164E+01  0.35999E+01  0.13241E-01  0.60759E-02  0.11675E+01
 0.68186E-01 -0.22144E+01  0.36006E+01  0.13305E-01  0.61042E-02  0.11700E+01
 0.69113E-01 -0.22124E+01  0.36014E+01  0.13370E-01  0.61324E-02  0.11725E+01
 0.70038E-01 -0.22104E+01  0.36022E+01  0.13434E-01  0.61605E-02  0.11750E+01
 0.70961E-01 -0.22084E+01  0.36030E+01  0.13498E-01  0.61885E-02  0.11775E+01
 0.71882E-01 -0.22065E+01  0.36038E+01  0.13562E-01  0.62164E-02  0.11800E+01
 0.72801E-01 -0.22045E+01  0.36047E+01  0.13626E-01  0.62441E-02  0.11825E+01
 0.73718E-01 -0.22026E+01  0.36056E+01  0.13689E-01  0.62717E-02  0.11850E+01
 0.74634E-01 -0.22007E+01  0.36064E+01  0.13753E-01  0.62992E-02  0.11875E+01
 0.75547E-01 -0.21988E+01  0.36074E+01  0.13816E-01  0.63265E-02  0.11900E+01
 0.76458E-01 -0.21970E+01  0.36083E+01  0.13879E-01  0.63537E-02  0.11925E+01
 0.77368E-01 -0.21951E+01  0.36092E+01  0.13941E-01  0.63807E-02  0.11950E+01
 0.78276E-01 -0.21933E+01  0.36102E+01  0.14004E-01  0.64076E-02  0.11975E+01
 0.79181E-01 -0.21915E+01  0.36112E+01  0.14066E-01  0.64343E-02  0.12000E+01
 0.80085E-01 -0.21897E+01  0.36122E+01  0.14128E-01  0.64608E-02  0.12025E+01
 0.80987E-01 -0.21879E+01  0.36133E+01  0.14190E-01  0.64872E-02  0.12050E+01
 0.81887E-01 -0.21862E+01  0.36143E+01  0.14251E-01  0.65134E-02  0.12075E+01
 0.82785E-01 -0.21845E+01  0.36154E+01  0.14312E-01  0.65394E-02  0.12100E+01
 0.83682E-01 -0.21828E+01  0.36165E+01  0.14373E-01  0.65652E-02  0.12125E+01
 0.84576E-01 -0.21811E+01  0.36176E+01  0.14434E-01  0.65908E-02  0.12150E+01
 0.85469E-01 -0.21794E+01  0.36188E+01  0.14494E-01  0.66162E-02  0.12175E+01
 0.86360E-01 -0.21777E+01  0.36200E+01  0.14554E-01  0.66415E-02  0.12200E+01
 0.87249E-01 -0.21761E+01  0.36212E+01  0.14614E-01  0.66665E-02  0.12225E+01
 0.88136E-01 -0.21745E+01  0.36224E+01  0.14673E-01  0.66913E-02  0.12250E+01
 0.89021E-01 -0.21729E+01  0.36236E+01  0.14732E-01  0.67159E-02  0.12275E+01
 0.89905E-01 -0.21713E+01  0.36249E+01  0.14791E-01  0.67402E-02  0.12300E+01
 0.90787E-01 -0.21698E+01  0.36262E+01  0.14849E-01  0.67643E-02  0.12325E+01
 0.91667E-01 -0.21682E+01  0.36275E+01  0.14907E-01  0.67882E-02  0.12350E+01
 0.92545E-01 -0.21667E+01  0.36289E+01  0.14964E-01  0.68118E-02  0.12375E+01
 0.93422E-01 -0.21652E+01  0.36303E+01  0.15021E-01  0.68352E-02  0.12400E+01
 0.94296E-01 -0.21638E+01  0.36317E+01  0.15078E-01  0.68583E-02  0.12425E+01
 0.95169E-01 -0.21623E+01  0.36331E+01  0.15134E-01  0.68812E-02  0.12450E+01
 0.96041E-01 -0.21609E+01  0.36346E+01  0.15190E-01  0.69038E-02  0.12475E+01
 0.96910E-01 -0.21595E+01  0.36361E+01  0.15246E-01  0.69261E-02  0.12500E+01
 0.97778E-01 -0.21581E+01  0.36376E+01  0.15301E-01  0.69481E-02  0.12525E+01
 0.98644E-01 -0.21568E+01  0.36392E+01  0.15355E-01  0.69699E-02  0.12550E+01
 0.99508E-01 -0.21554E+01  0.36408E+01  0.15409E-01  0.69913E-02  0.12575E+01
 0.10037E+00 -0.21541E+01  0.36424E+01  0.15463E-01  0.70125E-02  0.12600E+01
 0.10123E+00 -0.21528E+01  0.36441E+01  0.15516E-01  0.70333E-02  0.12625E+01
 0.10209E+00 -0.21516E+01  0.36457E+01  0.15568E-01  0.70539E-02  0.12650E+01
 0.10295E+00 -0.21503E+01  0.36475E+01  0.15620E-01  0.70741E-02  0.12675E+01
 0.10380E+00 -0.21491E+01  0.36492E+01  0.15672E-01  0.70940E-02  0.12700E+01
 0.10466E+00 -0.21479E+01  0.36510E+01  0.15723E-01  0.71136E-02  0.12725E+01
 0.10551E+00 -0.21467E+01  0.36528E+01  0.15773E-01  0.71328E-02  0.12750E+01
 0.10636E+00 -0.21456E+01  0.36547E+01  0.15823E-01  0.71517E-02  0.12775E+01
 0.10721E+00 -0.21445E+01  0.36566E+01  0.15872E-01  0.71702E-02  0.12800E+01
 0.10806E+00 -0.21434E+01  0.36585E+01  0.15921E-01  0.71884E-02  0.12825E+01
 0.10890E+00 -0.21423E+01  0.36605E+01  0.15969E-01  0.72062E-02  0.12850E+01
 0.10975E+00 -0.21412E+01  0.36625E+01  0.16016E-01  0.72236E-02  0.12875E+01
 0.11059E+00 -0.21402E+01  0.36646E+01  0.16063E-01  0.72407E-02  0.12900E+01
 0.11143E+00 -0.21392E+01  0.36666E+01  0.16109E-01  0.72573E-02  0.12925E+01
 0.11227E+00 -0.21382E+01  0.36688E+01  0.16154E-01  0.72736E-02  0.12950E+01
 0.11311E+00 -0.21373E+01  0.36709E+01  0.16199E-01  0.72895E-02  0.12975E+01
 0.11394E+00 -0.21364E+01  0.36732E+01  0.16243E-01  0.73050E-02  0.13000E+01
 0.11478E+00 -0.21355E+01  0.36754E+01  0.16287E-01  0.73200E-02  0.13025E+01
 0.11561E+00 -0.21346E+01  0.36777E+01  0.16330E-01  0.73347E-02  0.13050E+01
 0.11644E+00 -0.21338E+01  0.36801E+01  0.16372E-01  0.73489E-02  0.13075E+01
 0.11727E+00 -0.21330E+01  0.36824E+01  0.16413E-01  0.73627E-02  0.13100E+01
 0.11810E+00 -0.21322E+01  0.36849E+01  0.16454E-01  0.73760E-02  0.13125E+01
 0.11893E+00 -0.21314E+01  0.36874E+01  0.16494E-01  0.73889E-02  0.13150E+01
 0.11975E+00 -0.21307E+01  0.36899E+01  0.16533E-01  0.74014E-02  0.13175E+01
 0.12057E+00 -0.21300E+01  0.36925E+01  0.16571E-01  0.74134E-02  0.13200E+01
 0.12140E+00 -0.21293E+01  0.36951E+01  0.16609E-01  0.74249E-02  0.13225E+01
 0.12222E+00 -0.21287E+01  0.36978E+01  0.16645E-01  0.74359E-02  0.13250E+01
 0.12303E+00 -0.21280E+01  0.37005E+01  0.16681E-01  0.74465E-02  0.13275E+01
 0.12385E+00 -0.21275E+01  0.37033E+01  0.16717E-01  0.74566E-02  0.13300E+01
 0.12467E+00 -0.21269E+01  0.37061E+01  0.16751E-01  0.74661E-02  0.13325E+01
 0.12548E+00 -0.21264E+01  0.37090E+01  0.16784E-01  0.74752E-02  0.13350E+01
 0.12629E+00 -0.21259E+01  0.37120E+01  0.16817E-01  0.74838E-02  0.13375E+01
 0.12710E+00 -0.21254E+01  0.37150E+01  0.16849E-01  0.74918E-02  0.13400E+01
 0.12791E+00 -0.21250E+01  0.37180E+01  0.16879E-01  0.74993E-02  0.13425E+01
 0.12872E+00 -0.21246E+01  0.37212E+01  0.16909E-01  0.75063E-02  0.13450E+01
 0.12953E+00 -0.21242E+01  0.37243E+01  0.16938E-01  0.75128E-02  0.13475E+01
 0.13033E+00 -0.21239E+01  0.37276E+01  0.16966E-01  0.75187E-02  0.13500E+01
 0.13114E+00 -0.21235E+01  0.37309E+01  0.16994E-01  0.75240E-02  0.13525E+01
 0.13194E+00 -0.21233E+01  0.37343E+01  0.17020E-01  0.75288E-02  0.13550E+01
 0.13274E+00 -0.21230E+01  0.37377E+01  0.17045E-01  0.75331E-02  0.13575E+01
 0.13354E+00 -0.21228E+01  0.37412E+01  0.17069E-01  0.75367E-02  0.13600E+01
 0.13434E+00 -0.21226E+01  0.37448E+01  0.17093E-01  0.75398E-02  0.13625E+01
 0.13513E+00 -0.21225E+01  0.37484E+01  0.17115E-01  0.75423E-02  0.13650E+01
 0.13593E+00 -0.21224E+01  0.37521E+01  0.17136E-01  0.75442E-02  0.13675E+01
 0.13672E+00 -0.21223E+01  0.37559E+01  0.17156E-01  0.75455E-02  0.13700E+01
 0.13751E+00 -0.21223E+01  0.37598E+01  0.17176E-01  0.75462E-02  0.13725E+01
 0.13830E+00 -0.21223E+01  0.37637E+01  0.17194E-01  0.75463E-02  0.13750E+01
 0.13909E+00 -0.21223E+01  0.37678E+01  0.17211E-01  0.75457E-02  0.13775E+01
 0.13988E+00 -0.21224E+01  0.37719E+01  0.17227E-01  0.75446E-02  0.13800E+01
 0.14067E+00 -0.21225E+01  0.37760E+01  0.17242E-01  0.75428E-02  0.13825E+01
 0.14145E+00 -0.21226E+01  0.37803E+01  0.17256E-01  0.75403E-02  0.13850E+01
 0.14223E+00 -0.21228E+01  0.37847E+01  0.17269E-01  0.75373E-02  0.13875E+01
 0.14301E+00 -0.21230E+01  0.37891E+01  0.17280E-01  0.75335E-02  0.13900E+01
 0.14380E+00 -0.21233E+01  0.37936E+01  0.17291E-01  0.75291E-02  0.13925E+01
 0.14457E+00 -0.21235E+01  0.37982E+01  0.17300E-01  0.75241E-02  0.13950E+01
 0.14535E+00 -0.21239E+01  0.38029E+01  0.17309E-01  0.75184E-02  0.13975E+01
 0.14613E+00 -0.21242E+01  0.38077E+01  0.17316E-01  0.75120E-02  0.14000E+01
 0.14690E+00 -0.21247E+01  0.38126E+01  0.17322E-01  0.75049E-02  0.14025E+01
 0.14768E+00 -0.21251E+01  0.38176E+01  0.17327E-01  0.74971E-02  0.14050E+01
 0.14845E+00 -0.21256E+01  0.38228E+01  0.17330E-01  0.74887E-02  0.14075E+01
 0.14922E+00 -0.21261E+01  0.38280E+01  0.17333E-01  0.74795E-02  0.14100E+01
 0.14999E+00 -0.21267E+01  0.38333E+01  0.17334E-01  0.74696E-02  0.14125E+01
 0.15076E+00 -0.21273E+01  0.38387E+01  0.17334E-01  0.74591E-02  0.14150E+01
 0.15152E+00 -0.21280E+01  0.38442E+01  0.17332E-01  0.74478E-02  0.14175E+01
 0.15229E+00 -0.21287E+01  0.38499E+01  0.17330E-01  0.74358E-02  0.14200E+01
 0.15305E+00 -0.21294E+01  0.38557E+01  0.17326E-01  0.74231E-02  0.14225E+01
 0.15381E+00 -0.21302E+01  0.38615E+01  0.17321E-01  0.74096E-02  0.14250E+01
 0.15458E+00 -0.21310E+01  0.38676E+01  0.17315E-01  0.73955E-02  0.14275E+01
 0.15534E+00 -0.21319E+01  0.38737E+01  0.17308E-01  0.73805E-02  0.14300E+01
 0.15609E+00 -0.21328E+01  0.38800E+01  0.17299E-01  0.73649E-02  0.14325E+01
 0.15685E+00 -0.21338E+01  0.38864E+01  0.17289E-01  0.73485E-02  0.14350E+01
 0.15761E+00 -0.21348E+01  0.38929E+01  0.17277E-01  0.73314E-02  0.14375E+01
 0.15836E+00 -0.21359E+01  0.38996E+01  0.17265E-01  0.73135E-02  0.14400E+01
 0.15912E+00 -0.21370E+01  0.39064E+01  0.17251E-01  0.72949E-02  0.14425E+01
 0.15987E+00 -0.21381E+01  0.39134E+01  0.17236E-01  0.72755E-02  0.14450E+01
 0.16062E+00 -0.21393E+01  0.39205E+01  0.17219E-01  0.72553E-02  0.14475E+01
 0.16137E+00 -0.21406E+01  0.39278E+01  0.17202E-01  0.72344E-02  0.14500E+01
 0.16212E+00 -0.21419E+01  0.39352E+01  0.17183E-01  0.72128E-02  0.14525E+01
 0.16286E+00 -0.21433E+01  0.39428E+01  0.17162E-01  0.71903E-02  0.14550E+01
 0.16361E+00 -0.21447E+01  0.39505E+01  0.17140E-01  0.71671E-02  0.14575E+01
 0.16435E+00 -0.21461E+01  0.39584E+01  0.17117E-01  0.71432E-02  0.14600E+01
 0.16510E+00 -0.21476E+01  0.39665E+01  0.17093E-01  0.71185E-02  0.14625E+01
 0.16584E+00 -0.21492E+01  0.39748E+01  0.17068E-01  0.70930E-02  0.14650E+01
 0.16658E+00 -0.21508E+01  0.39833E+01  0.17041E-01  0.70668E-02  0.14675E+01
 0.16732E+00 -0.21524E+01  0.39919E+01  0.17012E-01  0.70398E-02  0.14700E+01
 0.16806E+00 -0.21542E+01  0.40008E+01  0.16983E-01  0.70120E-02  0.14725E+01
 0.16879E+00 -0.21559E+01  0.40098E+01  0.16952E-01  0.69835E-02  0.14750E+01
 0.16953E+00 -0.21578E+01  0.40191E+01  0.16920E-01  0.69542E-02  0.14775E+01
 0.17026E+00 -0.21596E+01  0.40285E+01  0.16886E-01  0.69242E-02  0.14800E+01
 0.17099E+00 -0.21616E+01  0.40382E+01  0.16852E-01  0.68934E-02  0.14825E+01
 0.17173E+00 -0.21636E+01  0.40481E+01  0.16816E-01  0.68619E-02  0.14850E+01
 0.17246E+00 -0.21656E+01  0.40582E+01  0.16778E-01  0.68296E-02  0.14875E+01
 0.17319E+00 -0.21677E+01  0.40685E+01  0.16740E-01  0.67966E-02  0.14900E+01
 0.17391E+00 -0.21699E+01  0.40791E+01  0.16700E-01  0.67629E-02  0.14925E+01
 0.17464E+00 -0.21721E+01  0.40899E+01  0.16659E-01  0.67284E-02  0.14950E+01
 0.17537E+00 -0.21744E+01  0.41010E+01  0.16617E-01  0.66932E-02  0.14975E+01
 0.17609E+00 -0.21767E+01  0.41123E+01  0.16573E-01  0.66573E-02  0.15000E+01
 0.17681E+00 -0.21791E+01  0.41239E+01  0.16528E-01  0.66207E-02  0.15025E+01
 0.17754E+00 -0.21815E+01  0.41357E+01  0.16482E-01  0.65834E-02  0.15050E+01
 0.17826E+00 -0.21841E+01  0.41478E+01  0.16435E-01  0.65454E-02  0.15075E+01
 0.17898E+00 -0.21866E+01  0.41602E+01  0.16387E-01  0.65068E-02  0.15100E+01
 0.17970E+00 -0.21893E+01  0.41729E+01  0.16338E-01  0.64674E-02  0.15125E+01
 0.18041E+00 -0.21920E+01  0.41859E+01  0.16287E-01  0.64275E-02  0.15150E+01
 0.18113E+00 -0.21947E+01  0.41992E+01  0.16236E-01  0.63869E-02  0.15175E+01
 0.18184E+00 -0.21975E+01  0.42128E+01  0.16183E-01  0.63457E-02  0.15200E+01
 0.18256E+00 -0.22004E+01  0.42267E+01  0.16130E-01  0.63038E-02  0.15225E+01
 0.18327E+00 -0.22033E+01  0.42410E+01  0.16075E-01  0.62614E-02  0.15250E+01
 0.18398E+00 -0.22063E+01  0.42555E+01  0.16020E-01  0.62184E-02  0.15275E+01
 0.18469E+00 -0.22094E+01  0.42705E+01  0.15963E-01  0.61749E-02  0.15300E+01
 0.18540E+00 -0.22125E+01  0.42857E+01  0.15906E-01  0.61308E-02  0.15325E+01
 0.18611E+00 -0.22156E+01  0.43013E+01  0.15848E-01  0.60863E-02  0.15350E+01
 0.18682E+00 -0.22189E+01  0.43173E+01  0.15789E-01  0.60412E-02  0.15375E+01
 0.18752E+00 -0.22222E+01  0.43336E+01  0.15729E-01  0.59957E-02  0.15400E+01
 0.18823E+00 -0.22255E+01  0.43503E+01  0.15669E-01  0.59498E-02  0.15425E+01
 0.18893E+00 -0.22289E+01  0.43673E+01  0.15608E-01  0.59034E-02  0.15450E+01
 0.18963E+00 -0.22323E+01  0.43848E+01  0.15546E-01  0.58567E-02  0.15475E+01
 0.19033E+00 -0.22358E+01  0.44026E+01  0.15484E-01  0.58097E-02  0.15500E+01
 0.19103E+00 -0.22394E+01  0.44208E+01  0.15421E-01  0.57623E-02  0.15525E+01
 0.19173E+00 -0.22430E+01  0.44394E+01  0.15358E-01  0.57147E-02  0.15550E+01
 0.19243E+00 -0.22467E+01  0.44584E+01  0.15295E-01  0.56669E-02  0.15575E+01
 0.19312E+00 -0.22504E+01  0.44778E+01  0.15231E-01  0.56188E-02  0.15600E+01
 0.19382E+00 -0.22541E+01  0.44976E+01  0.15167E-01  0.55707E-02  0.15625E+01
 0.19451E+00 -0.22579E+01  0.45178E+01  0.15104E-01  0.55224E-02  0.15650E+01
 0.19521E+00 -0.22617E+01  0.45384E+01  0.15040E-01  0.54741E-02  0.15675E+01
 0.19590E+00 -0.22655E+01  0.45593E+01  0.14976E-01  0.54259E-02  0.15700E+01
 0.19659E+00 -0.22694E+01  0.45807E+01  0.14912E-01  0.53777E-02  0.15725E+01
 0.19728E+00 -0.22733E+01  0.46024E+01  0.14849E-01  0.53297E-02  0.15750E+01
 0.19797E+00 -0.22772E+01  0.46244E+01  0.14786E-01  0.52818E-02  0.15775E+01
 0.19866E+00 -0.22811E+01  0.46468E+01  0.14724E-01  0.52343E-02  0.15800E+01
 0.19934E+00 -0.22851E+01  0.46695E+01  0.14663E-01  0.51871E-02  0.15825E+01
 0.20003E+00 -0.22890E+01  0.46925E+01  0.14602E-01  0.51404E-02  0.15850E+01
 0.20071E+00 -0.22929E+01  0.47158E+01  0.14543E-01  0.50942E-02  0.15875E+01
 0.20140E+00 -0.22968E+01  0.47393E+01  0.14485E-01  0.50486E-02  0.15900E+01
 0.20208E+00 -0.23007E+01  0.47630E+01  0.14428E-01  0.50038E-02  0.15925E+01
 0.20276E+00 -0.23045E+01  0.47869E+01  0.14373E-01  0.49598E-02  0.15950E+01
 0.20344E+00 -0.23083E+01  0.48108E+01  0.14320E-01  0.49169E-02  0.15975E+01
 0.20412E+00 -0.23120E+01  0.48348E+01  0.14268E-01  0.48751E-02  0.16000E+01
 0.20480E+00 -0.23156E+01  0.48586E+01  0.14220E-01  0.48345E-02  0.16025E+01
 0.20548E+00 -0.23192E+01  0.48824E+01  0.14174E-01  0.47955E-02  0.16050E+01
 0.20615E+00 -0.23226E+01  0.49059E+01  0.14131E-01  0.47581E-02  0.16075E+01
 0.20683E+00 -0.23258E+01  0.49290E+01  0.14092E-01  0.47226E-02  0.16100E+01
 0.20750E+00 -0.23289E+01  0.49516E+01  0.14056E-01  0.46892E-02  0.16125E+01
 0.20817E+00 -0.23318E+01  0.49736E+01  0.14026E-01  0.46583E-02  0.16150E+01
 0.20884E+00 -0.23344E+01  0.49946E+01  0.14000E-01  0.46302E-02  0.16175E+01
 0.20952E+00 -0.23367E+01  0.50146E+01  0.13980E-01  0.46053E-02  0.16200E+01
 0.21018E+00 -0.23387E+01  0.50331E+01  0.13967E-01  0.45841E-02  0.16225E+01
 0.21085E+00 -0.23403E+01  0.50498E+01  0.13963E-01  0.45675E-02  0.16250E+01
 0.21152E+00 -0.23414E+01  0.50641E+01  0.13968E-01  0.45563E-02  0.16275E+01
 0.21219E+00 -0.23418E+01  0.50752E+01  0.13987E-01  0.45525E-02  0.16300E+01
 0.21285E+00 -0.23409E+01  0.50805E+01  0.14029E-01  0.45615E-02  0.16325E+01
 0.21352E+00 -0.23389E+01  0.50803E+01  0.14093E-01  0.45825E-02  0.16350E+01
 0.21418E+00 -0.23369E+01  0.50801E+01  0.14158E-01  0.46036E-02  0.16375E+01
 0.21484E+00 -0.23349E+01  0.50799E+01  0.14222E-01  0.46248E-02  0.16400E+01
 0.21551E+00 -0.23329E+01  0.50797E+01  0.14287E-01  0.46460E-02  0.16425E+01
 0.21617E+00 -0.23309E+01  0.50795E+01  0.14352E-01  0.46674E-02  0.16450E+01
 0.21683E+00 -0.23289E+01  0.50793E+01  0.14417E-01  0.46888E-02  0.16475E+01
 0.21748E+00 -0.23270E+01  0.50790E+01  0.14483E-01  0.47102E-02  0.16500E+01
 0.21814E+00 -0.23250E+01  0.50788E+01  0.14548E-01  0.47318E-02  0.16525E+01
 0.21880E+00 -0.23230E+01  0.50786E+01  0.14614E-01  0.47534E-02  0.16550E+01
 0.21945E+00 -0.23210E+01  0.50784E+01  0.14680E-01  0.47751E-02  0.16575E+01
 0.22011E+00 -0.23190E+01  0.50782E+01  0.14746E-01  0.47968E-02  0.16600E+01
 0.22076E+00 -0.23171E+01  0.50780E+01  0.14813E-01  0.48186E-02  0.16625E+01
 0.22141E+00 -0.23151E+01  0.50778E+01  0.14879E-01  0.48405E-02  0.16650E+01
 0.22207E+00 -0.23131E+01  0.50775E+01  0.14946E-01  0.48625E-02  0.16675E+01
 0.22272E+00 -0.23112E+01  0.50773E+01  0.15013E-01  0.48845E-02  0.16700E+01
 0.22337E+00 -0.23092E+01  0.50771E+01  0.15081E-01  0.49066E-02  0.16725E+01
 0.22401E+00 -0.23073E+01  0.50769E+01  0.15148E-01  0.49288E-02  0.16750E+01
 0.22466E+00 -0.23053E+01  0.50767E+01  0.15216E-01  0.49510E-02  0.16775E+01
 0.22531E+00 -0.23034E+01  0.50764E+01  0.15283E-01  0.49733E-02  0.16800E+01
 0.22596E+00 -0.23014E+01  0.50762E+01  0.15352E-01  0.49956E-02  0.16825E+01
 0.22660E+00 -0.22995E+01  0.50760E+01  0.15420E-01  0.50181E-02  0.16850E+01
 0.22724E+00 -0.22975E+01  0.50758E+01  0.15488E-01  0.50405E-02  0.16875E+01
 0.22789E+00 -0.22956E+01  0.50755E+01  0.15557E-01  0.50631E-02  0.16900E+01
 0.22853E+00 -0.22936E+01  0.50753E+01  0.15626E-01  0.50857E-02  0.16925E+01
 0.22917E+00 -0.22917E+01  0.50751E+01  0.15695E-01  0.51084E-02  0.16950E+01
 0.22981E+00 -0.22898E+01  0.50749E+01  0.15764E-01  0.51312E-02  0.16975E+01
 0.23045E+00 -0.22879E+01  0.50747E+01  0.15833E-01  0.51540E-02  0.17000E+01
 0.23109E+00 -0.22859E+01  0.50744E+01  0.15903E-01  0.51768E-02  0.17025E+01
 0.23172E+00 -0.22840E+01  0.50742E+01  0.15973E-01  0.51998E-02  0.17050E+01
 0.23236E+00 -0.22821E+01  0.50740E+01  0.16043E-01  0.52228E-02  0.17075E+01
 0.23300E+00 -0.22802E+01  0.50738E+01  0.16113E-01  0.52458E-02  0.17100E+01
 0.23363E+00 -0.22783E+01  0.50736E+01  0.16183E-01  0.52690E-02  0.17125E+01
 0.23426E+00 -0.22764E+01  0.50734E+01  0.16254E-01  0.52921E-02  0.17150E+01
 0.23490E+00 -0.22745E+01  0.50732E+01  0.16324E-01  0.53154E-02  0.17175E+01
 0.23553E+00 -0.22726E+01  0.50729E+01  0.16395E-01  0.53387E-02  0.17200E+01
 0.23616E+00 -0.22707E+01  0.50727E+01  0.16466E-01  0.53620E-02  0.17225E+01
 0.23679E+00 -0.22688E+01  0.50725E+01  0.16537E-01  0.53854E-02  0.17250E+01
 0.23742E+00 -0.22669E+01  0.50723E+01  0.16609E-01  0.54089E-02  0.17275E+01
 0.23805E+00 -0.22650E+01  0.50721E+01  0.16680E-01  0.54324E-02  0.17300E+01
 0.23867E+00 -0.22631E+01  0.50719E+01  0.16752E-01  0.54560E-02  0.17325E+01
 0.23930E+00 -0.22612E+01  0.50717E+01  0.16824E-01  0.54797E-02  0.17350E+01
 0.23992E+00 -0.22594E+01  0.50715E+01  0.16896E-01  0.55034E-02  0.17375E+01
 0.24055E+00 -0.22575E+01  0.50714E+01  0.16969E-01  0.55271E-02  0.17400E+01
 0.24117E+00 -0.22556E+01  0.50712E+01  0.17041E-01  0.55509E-02  0.17425E+01
 0.24180E+00 -0.22538E+01  0.50710E+01  0.17114E-01  0.55748E-02  0.17450E+01
 0.24242E+00 -0.22519E+01  0.50708E+01  0.17186E-01  0.55987E-02  0.17475E+01
 0.24304E+00 -0.22501E+01  0.50706E+01  0.17259E-01  0.56226E-02  0.17500E+01
 0.24366E+00 -0.22482E+01  0.50705E+01  0.17332E-01  0.56467E-02  0.17525E+01
 0.24428E+00 -0.22464E+01  0.50703E+01  0.17406E-01  0.56707E-02  0.17550E+01
 0.24490E+00 -0.22445E+01  0.50701E+01  0.17479E-01  0.56948E-02  0.17575E+01
 0.24551E+00 -0.22427E+01  0.50700E+01  0.17553E-01  0.57190E-02  0.17600E+01
 0.24613E+00 -0.22408E+01  0.50698E+01  0.17627E-01  0.57432E-02  0.17625E+01
 0.24674E+00 -0.22390E+01  0.50696E+01  0.17700E-01  0.57675E-02  0.17650E+01
 0.24736E+00 -0.22372E+01  0.50695E+01  0.17774E-01  0.57918E-02  0.17675E+01
 0.24797E+00 -0.22354E+01  0.50693E+01  0.17849E-01  0.58161E-02  0.17700E+01
 0.24859E+00 -0.22335E+01  0.50692E+01  0.17923E-01  0.58405E-02  0.17725E+01
 0.24920E+00 -0.22317E+01  0.50691E+01  0.17998E-01  0.58649E-02  0.17750E+01
 0.24981E+00 -0.22299E+01  0.50689E+01  0.18072E-01  0.58894E-02  0.17775E+01
 0.25042E+00 -0.22281E+01  0.50688E+01  0.18147E-01  0.59139E-02  0.17800E+01
 0.25103E+00 -0.22263E+01  0.50687E+01  0.18222E-01  0.59385E-02  0.17825E+01
 0.25164E+00 -0.22245E+01  0.50686E+01  0.18297E-01  0.59631E-02  0.17850E+01
 0.25225E+00 -0.22227E+01  0.50685E+01  0.18372E-01  0.59878E-02  0.17875E+01
 0.25285E+00 -0.22209E+01  0.50684E+01  0.18448E-01  0.60125E-02  0.17900E+01
 0.25346E+00 -0.22192E+01  0.50682E+01  0.18523E-01  0.60372E-02  0.17925E+01
 0.25406E+00 -0.22174E+01  0.50682E+01  0.18599E-01  0.60619E-02  0.17950E+01
 0.25467E+00 -0.22156E+01  0.50681E+01  0.18675E-01  0.60868E-02  0.17975E+01
 0.25527E+00 -0.22138E+01  0.50680E+01  0.18750E-01  0.61116E-02  0.18000E+01
 0.25588E+00 -0.22121E+01  0.50679E+01  0.18826E-01  0.61365E-02  0.18025E+01
 0.25648E+00 -0.22103E+01  0.50678E+01  0.18903E-01  0.61614E-02  0.18050E+01
 0.25708E+00 -0.22086E+01  0.50678E+01  0.18979E-01  0.61863E-02  0.18075E+01
 0.25768E+00 -0.22068E+01  0.50677E+01  0.19055E-01  0.62113E-02  0.18100E+01
 0.25828E+00 -0.22051E+01  0.50676E+01  0.19132E-01  0.62363E-02  0.18125E+01
 0.25888E+00 -0.22033E+01  0.50676E+01  0.19208E-01  0.62613E-02  0.18150E+01
 0.25947E+00 -0.22016E+01  0.50676E+01  0.19285E-01  0.62864E-02  0.18175E+01
 0.26007E+00 -0.21999E+01  0.50675E+01  0.19362E-01  0.63115E-02  0.18200E+01
 0.26067E+00 -0.21981E+01  0.50675E+01  0.19439E-01  0.63366E-02  0.18225E+01
 0.26126E+00 -0.21964E+01  0.50675E+01  0.19516E-01  0.63618E-02  0.18250E+01
 0.26186E+00 -0.21947E+01  0.50675E+01  0.19593E-01  0.63869E-02  0.18275E+01
 0.26245E+00 -0.21930E+01  0.50675E+01  0.19670E-01  0.64121E-02  0.18300E+01
 0.26304E+00 -0.21913E+01  0.50675E+01  0.19748E-01  0.64374E-02  0.18325E+01
 0.26364E+00 -0.21896E+01  0.50675E+01  0.19825E-01  0.64626E-02  0.18350E+01
 0.26423E+00 -0.21879E+01  0.50675E+01  0.19903E-01  0.64879E-02  0.18375E+01
 0.26482E+00 -0.21862E+01  0.50675E+01  0.19981E-01  0.65132E-02  0.18400E+01
 0.26541E+00 -0.21845E+01  0.50675E+01  0.20058E-01  0.65385E-02  0.18425E+01
 0.26600E+00 -0.21828E+01  0.50676E+01  0.20136E-01  0.65638E-02  0.18450E+01
 0.26658E+00 -0.21812E+01  0.50676E+01  0.20214E-01  0.65892E-02  0.18475E+01
 0.26717E+00 -0.21795E+01  0.50677E+01  0.20292E-01  0.66145E-02  0.18500E+01
 0.26776E+00 -0.21778E+01  0.50677E+01  0.20370E-01  0.66399E-02  0.18525E+01
 0.26834E+00 -0.21762E+01  0.50678E+01  0.20448E-01  0.66653E-02  0.18550E+01
 0.26893E+00 -0.21745E+01  0.50679E+01  0.20527E-01  0.66907E-02  0.18575E+01
 0.26951E+00 -0.21729E+01  0.50680E+01  0.20605E-01  0.67161E-02  0.18600E+01
 0.27010E+00 -0.21712E+01  0.50681E+01  0.20683E-01  0.67415E-02  0.18625E+01
 0.27068E+00 -0.21696E+01  0.50682E+01  0.20762E-01  0.67670E-02  0.18650E+01
 0.27126E+00 -0.21680E+01  0.50683E+01  0.20840E-01  0.67924E-02  0.18675E+01
 0.27184E+00 -0.21664E+01  0.50684E+01  0.20919E-01  0.68179E-02  0.18700E+01
 0.27242E+00 -0.21647E+01  0.50686E+01  0.20998E-01  0.68433E-02  0.18725E+01
 0.27300E+00 -0.21631E+01  0.50687E+01  0.21076E-01  0.68688E-02  0.18750E+01
 0.27358E+00 -0.21615E+01  0.50688E+01  0.21155E-01  0.68943E-02  0.18775E+01
 0.27416E+00 -0.21599E+01  0.50690E+01  0.21234E-01  0.69197E-02  0.18800E+01
 0.27473E+00 -0.21583E+01  0.50692E+01  0.21313E-01  0.69452E-02  0.18825E+01
 0.27531E+00 -0.21567E+01  0.50694E+01  0.21392E-01  0.69707E-02  0.18850E+01
 0.27589E+00 -0.21551E+01  0.50695E+01  0.21471E-01  0.69962E-02  0.18875E+01
 0.27646E+00 -0.21536E+01  0.50697E+01  0.21550E-01  0.70216E-02  0.18900E+01
 0.27704E+00 -0.21520E+01  0.50700E+01  0.21629E-01  0.70471E-02  0.18925E+01
 0.27761E+00 -0.21504E+01  0.50702E+01  0.21708E-01  0.70726E-02  0.18950E+01
 0.27818E+00 -0.21489E+01  0.50704E+01  0.21787E-01  0.70980E-02  0.18975E+01
 0.27875E+00 -0.21473E+01  0.50706E+01  0.21866E-01  0.71235E-02  0.19000E+01
 0.27932E+00 -0.21458E+01  0.50709E+01  0.21946E-01  0.71489E-02  0.19025E+01
 0.27989E+00 -0.21442E+01  0.50712E+01  0.22025E-01  0.71743E-02  0.19050E+01
 0.28046E+00 -0.21427E+01  0.50714E+01  0.22104E-01  0.71998E-02  0.19075E+01
 0.28103E+00 -0.21412E+01  0.50717E+01  0.22183E-01  0.72252E-02  0.19100E+01
 0.28160E+00 -0.21396E+01  0.50720E+01  0.22262E-01  0.72506E-02  0.19125E+01
 0.28217E+00 -0.21381E+01  0.50723E+01  0.22342E-01  0.72759E-02  0.19150E+01
 0.28274E+00 -0.21366E+01  0.50726E+01  0.22421E-01  0.73013E-02  0.19175E+01
 0.28330E+00 -0.21351E+01  0.50730E+01  0.22500E-01  0.73266E-02  0.19200E+01
 0.28387E+00 -0.21336E+01  0.50733E+01  0.22580E-01  0.73520E-02  0.19225E+01
 0.28443E+00 -0.21321E+01  0.50737E+01  0.22659E-01  0.73773E-02  0.19250E+01
 0.28499E+00 -0.21306E+01  0.50740E+01  0.22738E-01  0.74026E-02  0.19275E+01
 0.28556E+00 -0.21291E+01  0.50744E+01  0.22817E-01  0.74278E-02  0.19300E+01
 0.28612E+00 -0.21277E+01  0.50748E+01  0.22897E-01  0.74530E-02  0.19325E+01
 0.28668E+00 -0.21262E+01  0.50752E+01  0.22976E-01  0.74783E-02  0.19350E+01
 0.28724E+00 -0.21247E+01  0.50756E+01  0.23055E-01  0.75034E-02  0.19375E+01
 0.28780E+00 -0.21233E+01  0.50760E+01  0.23134E-01  0.75286E-02  0.19400E+01
 0.28836E+00 -0.21218E+01  0.50764E+01  0.23214E-01  0.75537E-02  0.19425E+01
 0.28892E+00 -0.21204E+01  0.50769E+01  0.23293E-01  0.75788E-02  0.19450E+01
 0.28948E+00 -0.21190E+01  0.50773E+01  0.23372E-01  0.76039E-02  0.19475E+01
 0.29003E+00 -0.21175E+01  0.50778E+01  0.23451E-01  0.76289E-02  0.19500E+01
 0.29059E+00 -0.21161E+01  0.50783E+01  0.23530E-01  0.76539E-02  0.19525E+01
 0.29115E+00 -0.21147E+01  0.50788E+01  0.23609E-01  0.76788E-02  0.19550E+01
 0.29170E+00 -0.21133E+01  0.50793E+01  0.23688E-01  0.77037E-02  0.19575E+01
 0.29226E+00 -0.21119E+01  0.50798E+01  0.23767E-01  0.77286E-02  0.19600E+01
 0.29281E+00 -0.21105E+01  0.50804E+01  0.23846E-01  0.77534E-02  0.19625E+01
 0.29336E+00 -0.21091E+01  0.50809E+01  0.23925E-01  0.77782E-02  0.19650E+01
 0.29391E+00 -0.21077E+01  0.50815E+01  0.24003E-01  0.78030E-02  0.19675E+01
 0.29447E+00 -0.21064E+01  0.50821E+01  0.24082E-01  0.78277E-02  0.19700E+01
 0.29502E+00 -0.21050E+01  0.50827E+01  0.24161E-01  0.78523E-02  0.19725E+01
 0.29557E+00 -0.21036E+01  0.50833E+01  0.24239E-01  0.78769E-02  0.19750E+01
 0.29612E+00 -0.21023E+01  0.50839E+01  0.24318E-01  0.79014E-02  0.19775E+01
 0.29667E+00 -0.21009E+01  0.50845E+01  0.24396E-01  0.79259E-02  0.19800E+01
 0.29721E+00 -0.20996E+01  0.50852E+01  0.24475E-01  0.79504E-02  0.19825E+01
 0.29776E+00 -0.20983E+01  0.50858E+01  0.24553E-01  0.79748E-02  0.19850E+01
 0.29831E+00 -0.20970E+01  0.50865E+01  0.24631E-01  0.79991E-02  0.19875E+01
 0.29885E+00 -0.20956E+01  0.50872E+01  0.24709E-01  0.80234E-02  0.19900E+01
 0.29940E+00 -0.20943E+01  0.50879E+01  0.24787E-01  0.80476E-02  0.19925E+01
 0.29994E+00 -0.20930E+01  0.50886E+01  0.24865E-01  0.80717E-02  0.19950E+01
 0.30049E+00 -0.20917E+01  0.50893E+01  0.24943E-01  0.80958E-02  0.19975E+01
 0.30103E+00 -0.20905E+01  0.50901E+01  0.25020E-01  0.81198E-02  0.20000E+01
