.5116464960e27
.5235642737381560320e27
.53575965217782471055e27
.54823909746992556410e27
.56100922638137976050e27
.57407680980340742820e27
.58744877634154371900e27
.60113221598927708615e27
.61513438388725758940e27
.62946270417006840930e27
.64412477390260017940e27
.65912836710811525420e27
.67448143889013764595e27
.69019212965035411100e27
.70626876940476277210e27
.72271988220035775610e27
.73955419063469163170e27
.75678062048071197880e27
.77440830541932423910e27
.79244659188219011525e27
.81090504400732923455e27
.82979344871015160235e27
.84912182087260957395e27
.86890040865322070175e27
.88913969892077690235e27
.90985042281462096735e27
.93104356143443855105e27
.95273035166258243675e27
.97492229212201615615e27
.99763114927303594150e27
.10208689636520035735e28
.10446480562553979835e28
.10689810350725705187e28
.10938808017706676232e28
.11193605585352653700e28
.11454338150703428380e28
.11721143957613058131e28
.11994164470048587434e28
.12273544447096113420e28
.12559432019713967613e28
.12851978769273708903e28
.13151339807930571250e28
.13457673860865979583e28
.13771143350445739958e28
.14091914482338525776e28
.14420157333640321198e28
.14756045943051546530e28
.15099758403154678660e28
.15451476954841293364e28
.15811388083938595972e28
.16179682620086673016e28
.16556555837918890930e28
.16942207560599088954e28
.17336842265770463048e28
.17740669193972316317e28
.18153902459582159930e28
.18576761164341987504e28
.19009469513528916104e28
.19452256934831789038e28
.19905358199996770422e28
.20369013549306429596e28
.20843468818958315866e28
.21328975571410561366e28
.21825791228763623000e28
.22334179209248884240e28
.22854409066896484827e28
.23386756634456432113e28
.23931504169648772710e28
.24488940504820368216e28
.25059361200087625014e28
.25643068700046376463e28
.26240372494132007110e28
.26851589280714843998e28
.27477043135017820614e28
.28117065680945445630e28
.28771996266915182447e28
.29442182145784467656e28
.30127978658968768095e28
.30829749424848298338e28
.31547866531563294353e28
.32282710734300065916e28
.33034671657172431477e28
.33804147999805575666e28
.34591547748731862942e28
.35397288393710692235e28
.36221797149087088240e28
.37065511180306396594e28
.37928877835705184046e28
.38812354883701242213e28
.39716410755508456178e28
.40641524793505228604e28
.41588187505388147546e28
.42556900824245653623e28
.43548178374689601039e28
.44562545745185818918e28
.45600540766728066237e28
.46662713798003136950e28
.47749628017198313635e28
.48861859720605889817e28
.49999998628183085044e28
.51164648196229364620e28
.52356425937346949640e28
.53575963747854164640e28
.54823908242825221710e28
.56100921098934083660e28
.57407679405284186480e28
.58744876022410035790e28
.60113219949641024575e28
.61513436701022253365e28
.62946268689991671105e28
.64412475623017497580e28
.65912834902404639165e28
.67448142038483671205e28
.69019211071400935050e28
.70626875002733388460e28
.72271986237157057255e28
.73955417034403266695e28
.75678059971742285710e28
.77440828417239598995e28
.79244657014035733640e28
.81090502175906411870e28
.82979342594365782515e28
.84912179757581603930e28
.86890038481377514170e28
.88913967452603932755e28
.90985039785165696540e28
.93104353589001242830e28
.95273032552315020070e28
.97492226537371833410e28
.99763112190169023230e28
.10208689356430973276e29
.10446480275940805086e29
.10689810057436452051e29
.10938807717585838869e29
.11193605278241104073e29
.11454337836438331884e29
.11721143636027787258e29
.11994164140972633418e29
.12273544110354995840e29
.12559431675129141876e29
.12851978416662471576e29
.13151339447105963194e29
.13457673491636686817e29
.13771142972615992230e29
.14091914095707992756e29
.14420156938004006266e29
.14756045538199678080e29
.15099757988872598876e29
.15451476530909344410e29
.15811387650132003522e29
.16179682176175427079e29
.16556555383667623893e29
.16942207095766950787e29
.17336841790110993606e29
.17740668707233314658e29
.18153901961505550599e29
.18576760654663683697e29
.19009468991978679644e29
.19452256401133087093e29
.19905357653866628882e29
.20369012990455283038e29
.20843468247089854022e29
.21328974986221572014e29
.21825790629943831202e29
.22334178596480787822e29
.22854408439855186042e29
.23386755992809465371e29
.23931503513055928306e29
.24488939832933511939e29
.25059360512550513569e29
.25643067996494468581e29
.26240371774192270266e29
.26851588544005556624e29
.27477042381148369702e29
.28117064909516119628e29
.28771995477516959326e29
.29442181337998798040e29
.30127977832367353339e29
.30829748578992863442e29
.31547865666005355578e29
.32282709848580692997e29
.33034670750822004290e29
.33804147072343535230e29
.34591546799666456617e29
.35397287422538712994e29
.36221796155293607855e29
.37065510163364492620e29
.37928876795075660440e29
.38812353818832343438e29
.39716409665835574663e29
.40641523678450605377e29
.41588186364360565900e29
.42556899656640125647e29
.43548177179887046841e29
.44562544522552738384e29
.45600539515616203138e29
.46662712517749135234e29
.47749626707123365698e29
.48861858380015376598e29
.49999997256366207726e29
