# Optical constants for Ge
# 'Handbook of Optical Constants of Solids', Ed. by Edward D. Palik,
# Academic Press, Inc., 1985.
# Lambda (A) n k
2479.60	1.60000	2.86000
2509.72	1.41700	3.28200
2530.20	1.43500	3.34200
2561.57	1.47000	3.43900
2582.92	1.49800	3.50900
2615.61	1.54600	3.62400
2637.87	1.58600	3.70900
2671.98	1.65900	3.85200
2695.22	1.72000	3.96000
2730.84	1.83900	4.14700
2755.11	1.95300	4.29700
2792.34	2.22600	4.54300
2817.73	2.51600	4.66900
2856.68	3.03800	4.65300
2883.26	3.33800	4.50700
2924.06	3.63300	4.20700
2951.90	3.74500	4.00900
2994.69	3.83700	3.75600
3023.90	3.86900	3.61400
3068.81	3.89600	3.43600
3099.50	3.90500	3.33600
3146.70	3.91600	3.20900
3178.97	3.92000	3.13700
3228.65	3.93000	3.04300
3262.63	3.93600	2.98600
3314.97	3.94900	2.90900
3350.81	3.95800	2.86300
3406.04	3.97400	2.79900
3443.89	3.98500	2.75900
3502.26	4.00500	2.70200
3542.29	4.02000	2.66700
3604.07	4.04800	2.61500
3646.47	4.07000	2.57900
3711.98	4.10600	2.51700
3756.97	4.12800	2.46900
3826.54	4.15000	2.39200
3874.38	4.15700	2.34000
3948.41	4.15300	2.26200
3999.35	4.14100	2.21500
4078.29	4.10700	2.16400
4132.67	4.08200	2.14500
4217.01	4.05200	2.13500
4275.17	4.03700	2.14000
4365.49	4.03000	2.16200
4427.86	4.03500	2.18100
4524.82	4.05800	2.21500
4591.85	4.08200	2.24000
4696.21	4.13300	2.28100
4768.46	4.18000	2.30900
4881.10	4.26700	2.35300
4959.20	4.34000	2.38400
5081.15	4.48200	2.42900
5165.83	4.61000	2.45500
5298.29	4.88300	2.43400
5390.44	5.06200	2.31800
5534.82	5.19800	2.12500
5635.45	5.28300	2.04900
5793.46	5.55400	1.92400
5903.81	5.74800	1.63400
6077.45	5.70800	1.15000
6199.00	5.58800	0.933000
6525.26	5.29400	0.638000
6738.04	5.15200	0.537000
6887.78	5.06700	0.500000
7125.29	4.96100	0.430000
7292.94	4.89700	0.401000
7559.76	4.81600	0.364000
7748.75	4.76300	0.345000
8050.65	4.68400	0.316000
8265.33	4.65300	0.298000
