0.6199 0.999622 4.84000e-05
0.635143 0.999600 5.26000e-05
0.650814 0.999577 5.73000e-05
0.666559 0.999555 6.22000e-05
0.6698 0.999530 6.77000e-05
0.699661 0.999505 7.36000e-05
0.716647 0.999479 7.99000e-05
0.734479 0.999451 8.69000e-05
0.752306 0.999423 9.44000e-05
0.770541 0.999393 0.000102000
0.789682 0.999361 0.000111000
0.808741 0.999329 0.000121000
0.828743 0.999294 0.000131000
0.849178 0.999258 0.000143000
0.869425 0.999222 0.000154000
0.890661 0.999183 0.000168000
0.91296 0.999142 0.000182000
0.934993 0.999100 0.000197000
0.958114 0.999055 0.000214000
0.981631 0.999008 0.000232000
1.00552 0.998960 0.000252000
1.02973 0.998910 0.000272000
1.05515 0.998860 0.000295000
1.08091 0.998800 0.000319000
1.10795 0.998750 0.000347000
1.13431 0.998690 0.000375000
1.16195 0.998630 0.000406000
1.19097 0.998560 0.000440000
1.22028 0.998500 0.000477000
1.2498 0.998430 0.000515000
1.28079 0.998360 0.000557000
1.31196 0.998290 0.000602000
1.34323 0.998210 0.000649000
1.37603 0.998130 0.000701000
1.41047 0.998050 0.000759000
1.44499 0.997970 0.000819000
1.47947 0.997890 0.000883000
1.51565 0.997810 0.000953000
1.55363 0.997720 0.00103000
1.59153 0.997640 0.00111000
1.63132 0.997550 0.00119000
1.67089 0.997470 0.00127000
1.71007 0.997380 0.00135000
1.75361 0.997280 0.00144000
1.79681 0.997180 0.00154000
1.83947 0.997080 0.00164000
1.88419 0.996990 0.00175000
1.93115 0.996880 0.00187000
1.97735 0.996780 0.00199000
2.02582 0.996680 0.00213000
2.07672 0.996580 0.00228000
2.12659 0.996490 0.00243000
2.17891 0.996390 0.00259000
2.23387 0.996310 0.00277000
2.28745 0.996250 0.00295000
2.34367 0.996210 0.00315000
2.40271 0.996220 0.00328000
2.45992 0.996180 0.00338000
2.51992 0.996120 0.00348000
2.58292 0.996040 0.00359000
2.6435 0.995950 0.00369000
2.70699 0.995830 0.00380000
2.7736 0.995680 0.00395000
2.84358 0.995540 0.00416000
2.91033 0.995440 0.00437000
2.98747 0.995350 0.00461000
3.05369 0.995280 0.00483000
3.13081 0.995260 0.00509000
3.21192 0.995280 0.00528000
3.28859 0.995290 0.00541000
3.36902 0.995260 0.00555000
3.45348 0.995220 0.00570000
3.53219 0.995180 0.00584000
3.62515 0.995140 0.00600000
3.71198 0.995120 0.00615000
3.80307 0.995100 0.00631000
3.89874 0.995110 0.00648000
3.9865 0.995170 0.00663000
4.09175 0.995410 0.00682000
4.18851 0.995580 0.00663000
4.28997 0.995690 0.00639000
4.39645 0.995680 0.00615000
4.50836 0.995650 0.00585000
4.60892 0.995520 0.00543000
4.73206 0.995200 0.00498000
4.84297 0.994800 0.00461000
4.9592 0.994330 0.00426000
5.08115 0.993790 0.00393000
5.20924 0.993150 0.00362000
5.34397 0.992430 0.00333000
5.46167 0.991760 0.00310000
5.60995 0.990850 0.00283000
5.73981 0.990000 0.00260000
5.87583 0.989000 0.00240000
6.01845 0.987900 0.00258000
6.16816 0.986900 0.00269000
6.32551 0.985900 0.00280000
6.4911 0.984800 0.00291000
6.62995 0.983900 0.00300000
6.81209 0.982800 0.00312000
6.96517 0.981800 0.00322000
7.12529 0.980700 0.00333000
7.29294 0.979500 0.00345000
7.46867 0.978300 0.00360000
7.65309 0.977000 0.00375000
7.84684 0.975700 0.00392000
8.05065 0.974200 0.00410000
8.26533 0.972600 0.00428000
8.43401 0.971300 0.00442000
8.66993 0.969500 0.00462000
8.85571 0.968000 0.00478000
9.11618 0.965900 0.00501000
9.3218 0.964100 0.00519000
9.53692 0.962300 0.00538000
9.7622 0.960300 0.00559000
9.99839 0.958100 0.00580000
10.2463 0.955700 0.00603000
10.5068 0.953200 0.00628000
10.7809 0.950400 0.00654000
11.0696 0.947300 0.00690000
11.2709 0.945100 0.00719000
11.5869 0.941500 0.00764000
11.9212 0.937700 0.00814000
12.1549 0.934900 0.00850000
12.398 0.931800 0.00889000
20.6633 0.897000 0.106000
24.796 0.868000 0.151000
27.5511 0.850000 0.187000
30.995 0.828000 0.235000
31.3873 0.823000 0.241000
31.7897 0.818000 0.250000
32.2026 0.813000 0.261000
32.6263 0.810000 0.273000
32.8424 0.809000 0.281000
33.0613 0.808000 0.289000
33.2832 0.809000 0.297000
33.5081 0.810000 0.303000
33.7361 0.811000 0.312000
33.9671 0.812000 0.321000
34.2014 0.815000 0.331000
34.4389 0.819000 0.341000
34.6313 0.825000 0.350000
34.8258 0.831000 0.358000
35.0226 0.841000 0.367000
35.2216 0.853000 0.373000
35.4229 0.867000 0.375000
35.6264 0.880000 0.373000
35.8324 0.893000 0.368000
36.0407 0.901000 0.360000
36.2515 0.907000 0.352000
36.4647 0.911000 0.344000
36.6805 0.912000 0.334000
36.8988 0.910000 0.326000
37.009 0.907000 0.322000
37.1198 0.903000 0.321000
37.3434 0.897000 0.323000
37.5697 0.896000 0.327000
37.7988 0.898000 0.330000
38.0307 0.901000 0.331000
38.2654 0.907000 0.331000
38.5031 0.912000 0.327000
38.7438 0.915000 0.323000
39.0488 0.918000 0.315000
39.3587 0.919000 0.307000
39.6736 0.918000 0.298000
39.9935 0.915000 0.288000
40.3187 0.909000 0.279000
40.6492 0.902000 0.271000
40.9851 0.892000 0.263000
41.3267 0.879000 0.259000
41.674 0.868000 0.256000
42.0271 0.855000 0.257000
42.3863 0.844000 0.256000
42.7517 0.832000 0.259000
43.1235 0.822000 0.261000
43.5018 0.811000 0.263000
43.8867 0.799000 0.265000
44.2786 0.788000 0.269000
44.6775 0.776000 0.272000
45.0836 0.764000 0.276000
45.4972 0.750000 0.281000
45.9185 0.734000 0.289000
46.3477 0.721000 0.298000
46.7849 0.706000 0.308000
47.2305 0.694000 0.319000
47.6846 0.680000 0.329000
48.0543 0.666000 0.341000
48.4297 0.656000 0.353000
48.811 0.645000 0.367000
49.1984 0.636000 0.380000
49.592 0.624000 0.393000
49.9919 0.612000 0.410000
50.3984 0.603000 0.429000
50.8115 0.596000 0.447000
51.2314 0.588000 0.468000
51.6583 0.583000 0.491000
52.0924 0.581000 0.511000
52.5339 0.579000 0.532000
52.9829 0.579000 0.553000
53.4397 0.579000 0.575000
53.9043 0.582000 0.595000
54.3772 0.586000 0.614000
54.8584 0.589000 0.633000
55.3482 0.594000 0.650000
55.8468 0.596000 0.668000
56.3545 0.602000 0.685000
56.8716 0.607000 0.700000
57.3981 0.608000 0.715000
57.9346 0.609000 0.733000
58.4811 0.610000 0.752000
59.0381 0.612000 0.773000
59.6058 0.616000 0.794000
60.1845 0.621000 0.815000
60.7745 0.626000 0.838000
61.3762 0.632000 0.862000
61.99 0.639000 0.887000
62.6162 0.648000 0.913000
63.2551 0.660000 0.940000
63.9072 0.674000 0.968000
64.5729 0.691000 0.996000
65.2526 0.712000 1.02000
65.9468 0.737000 1.05000
66.6559 0.766000 1.08000
67.3804 0.799000 1.10000
68.1209 0.833000 1.11000
68.8778 0.866000 1.12000
69.6517 0.903000 1.13000
70.4432 0.940000 1.14000
71.2529 0.978000 1.14000
72.0814 1.01000 1.13000
72.9294 1.04000 1.12000
73.7976 1.07000 1.11000
74.6867 1.10000 1.10000
75.5976 1.12000 1.08000
76.5309 1.13000 1.06000
77.4875 1.14000 1.04000
78.4684 1.15000 1.02000
79.4744 1.15000 1.01000
80.5065 1.15000 0.994000
81.5658 1.14000 0.989000
82.6533 1.14000 0.987000
83.7703 1.14000 0.987000
84.9178 1.13000 0.990000
86.0972 1.13000 0.997000
87.3099 1.14000 1.01000
88.5571 1.15000 1.01000
89.8406 1.15000 1.02000
91.1618 1.17000 1.02000
92.5224 1.18000 1.02000
93.9242 1.20000 1.03000
95.3692 1.21000 1.02000
96.8594 1.23000 1.01000
98.3968 1.24000 0.993000
99.9839 1.25000 0.975000
101.623 1.26000 0.953000
103.317 1.26000 0.921000
105.068 1.25000 0.886000
106.879 1.23000 0.845000
108.754 1.18000 0.802000
110.696 1.12000 0.782000
112.709 1.05000 0.774000
114.796 0.977000 0.791000
116.962 0.909000 0.835000
119.212 0.859000 0.881000
121.549 0.812000 0.930000
123.98 0.770000 0.987000
126.51 0.735000 1.05000
129.146 0.707000 1.12000
131.894 0.685000 1.19000
134.761 0.670000 1.25000
137.756 0.652000 1.33000
140.886 0.647000 1.41000
144.163 0.649000 1.49000
147.595 0.659000 1.57000
151.195 0.672000 1.65000
154.975 0.685000 1.73000
156.937 0.697000 1.77000
158.949 0.711000 1.81000
161.013 0.726000 1.85000
163.132 0.745000 1.90000
165.307 0.781000 1.93000
167.541 0.808000 1.95000
169.836 0.816000 1.96000
172.194 0.813000 1.98000
174.62 0.808000 2.00000
177.114 0.798000 2.04000
179.681 0.791000 2.08000
182.324 0.784000 2.12000
185.045 0.777000 2.18000
187.848 0.779000 2.24000
190.738 0.783000 2.30000
193.719 0.789000 2.36000
196.794 0.798000 2.43000
199.968 0.813000 2.50000
203.246 0.836000 2.57000
206.633 0.850000 2.64000
210.136 0.873000 2.72000
213.759 0.895000 2.80000
217.509 0.924000 2.89000
221.393 0.959000 2.99000
225.418 1.00000 3.09000
229.593 1.06000 3.20000
233.925 1.13000 3.31000
238.423 1.22000 3.42000
243.098 1.33000 3.53000
247.96 1.46000 3.62000
253.02 1.61000 3.70000
258.292 1.75000 3.76000
263.787 1.90000 3.81000
269.522 2.06000 3.84000
275.511 2.21000 3.87000
281.773 2.39000 3.88000
288.326 2.59000 3.86000
295.19 2.77000 3.77000
302.39 2.91000 3.67000
309.95 3.01000 3.51000
317.897 3.04000 3.40000
326.263 3.04000 3.31000
335.081 3.04000 3.27000
344.389 3.05000 3.24000
354.229 3.06000 3.21000
364.647 3.06000 3.19000
375.697 3.06000 3.18000
387.438 3.05000 3.18000
399.935 3.03000 3.22000
413.267 3.04000 3.27000
427.517 3.05000 3.33000
442.786 3.08000 3.42000
459.185 3.13000 3.51000
476.846 3.22000 3.61000
495.92 3.36000 3.73000
516.583 3.59000 3.78000
539.044 3.79000 3.61000
563.545 3.76000 3.41000
590.381 3.68000 3.45000
619.9 3.68000 3.52000
652.526 3.74000 3.58000
688.778 3.81000 3.58000
729.294 3.84000 3.51000
774.875 3.77000 3.41000
826.533 3.53000 3.30000
885.571 3.15000 3.40000
953.692 2.77000 3.74000
1033.17 2.44000 4.22000
1127.09 2.16000 4.85000
1239.8 1.94000 5.58000
1377.56 1.74000 6.48000
1441.63 1.70000 6.90000
1511.95 1.64000 7.35000
1589.49 1.60000 7.83000
1675.41 1.52000 8.38000
1771.14 1.48000 8.99000
1878.48 1.43000 9.67000
1999.68 1.38000 10.4000
2137.59 1.34000 11.3000
2295.93 1.35000 12.4000
2479.6 1.37000 13.5000
2695.22 1.46000 14.9000
2951.9 1.57000 16.5000
3262.63 1.70000 18.4000
3646.47 1.99000 20.8000
4132.67 2.44000 23.8000
4275.17 2.58000 24.7000
4427.86 2.74000 25.6000
4591.85 2.92000 26.6000
4768.46 3.14000 27.6000
4959.2 3.36000 28.8000
5165.83 3.61000 30.0000
5390.43 3.92000 31.3000
5635.45 4.26000 32.7000
5903.81 4.65000 34.3000
6199 5.10000 36.0000
6525.26 5.61000 37.8000
6887.78 6.21000 39.9000
7292.94 6.90000 42.2000
7748.75 7.74000 44.7000
8265.33 8.78000 47.5000
8855.71 9.96000 50.7000
9536.92 11.4000 54.4000
10331.7 13.4000 58.4000
11270.9 15.6000 63.1000
12398 18.5000 68.5000
